96
   0   16   19   23   25   26   28   28   31   34   29   36   40   39   40   47   55   58   57   56   56   60   55   53   48   61   61   66    9    6    7    9   20   15   15   11   12   15   21   23   25   25   26   22   25   31   36   38   27   31   32   33   36   42   35   42   42   43   49   50   55   55   57   61   69   65   65   65   42   46   56   57   59   61   62   65   66   67   34   52   52   54   55   61   64   65   65   68   69   67   62   76   77   77   87   80
  16    0    4    8    9   11   13   12   17   20   21   22   26   26   28   35   44   47   47   46   47   53   49   47   43   55   56   60   10   14   15   17   17   17   19   19   20   23   25   26   27   27   28   21   23   28   33   34   28   31   35   34   36   41   37   44   44   43   50   49   54   54   55   59   65   63   64   64   46   50   57   59   61   64   64   66   68   71   44   65   58   59   62   66   68   69   70   73   74   73   69   77   77   75   87   77
  19    4    0    8    9   10   12   11   16   19   23   22   26   26   29   36   45   48   48   47   49   55   51   50   45   57   59   63   14   18   19   21   21   22   23   23   24   27   30   30   31   31   32   25   26   31   36   37   32   35   39   38   40   44   41   48   48   47   53   52   57   57   58   62   68   66   67   67   49   54   61   62   64   68   68   69   71   75   48   69   62   63   66   69   72   73   74   76   78   77   73   81   80   78   90   80
  23    8    8    0    2    4    5    5    9   12   16   15   19   18   21   28   37   40   40   39   41   47   43   42   38   49   51   55   15   19   20   21   16   19   21   23   24   25   26   26   27   27   27   20   21   25   29   30   27   29   34   32   34   37   35   42   42   40   47   45   50   50   51   54   60   59   60   60   44   49   55   56   58   62   62   63   65   69   46   68   57   59   61   64   67   67   69   71   73   72   69   74   74   71   83   72
  25    9    9    2    0    1    3    3    7   10   16   13   17   17   20   27   36   39   39   38   40   46   43   42   38   48   51   55   17   21   22   23   17   21   23   25   26   27   28   28   29   28   28   22   22   26   30   30   29   30   35   34   35   38   37   43   43   41   48   46   51   50   51   55   61   59   60   60   46   50   56   57   59   64   63   64   66   70   48   70   59   60   63   65   68   69   70   72   74   73   71   75   74   72   83   72
  26   11   10    4    1    0    2    1    6    9   16   12   16   16   19   26   35   38   38   37   39   46   42   42   37   48   51   54   18   23   23   25   18   22   24   26   27   28   29   28   30   29   29   23   22   26   30   30   29   31   36   34   35   38   37   43   43   42   48   46   51   50   51   55   60   59   60   60   46   51   56   57   60   64   63   64   66   70   49   71   59   61   64   66   68   69   71   73   75   74   71   75   74   72   83   72
  28   13   12    5    3    2    0    1    4    7   15   10   14   14   17   24   33   36   36   35   37   44   41   40   36   46   49   52   19   24   24   25   18   22   25   27   28   29   29   28   29   28   29   22   22   25   29   29   29   30   35   33   34   37   36   42   42   40   47   45   50   49   50   53   59   57   59   59   45   50   55   56   59   63   62   63   65   69   49   71   59   60   63   65   67   68   70   72   74   73   71   74   73   70   81   70
  28   12   11    5    3    1    1    0    5    8   16   11   15   15   18   25   34   37   37   36   39   45   42   41   37   47   50   54   20   24   25   26   19   23   25   27   28   29   30   29   30   30   30   23   23   26   30   30   30   31   37   35   36   39   38   44   44   42   48   46   51   50   51   55   60   59   60   60   47   51   56   57   60   64   63   64   67   70   50   72   60   61   64   66   68   69   71   73   75   74   72   75   74   72   83   72
  31   17   16    9    7    6    4    5    0    3   14    6   10   10   13   20   29   32   33   31   34   40   38   37   33   43   46   49   23   27   27   28   19   24   27   29   30   31   30   29   30   29   29   23   22   24   27   27   29   30   36   33   34   36   36   42   42   39   46   43   48   47   47   51   56   55   57   57   45   49   53   55   57   62   61   61   64   68   50   73   59   59   63   64   66   67   69   71   73   72   70   72   71   68   79   67
  34   20   19   12   10    9    7    8    3    0   14    3    7    7   11   17   26   29   30   29   31   38   36   35   32   41   44   47   25   30   30   31   21   26   29   31   32   33   32   30   31   30   30   24   23   25   27   27   30   30   36   33   34   35   36   42   42   39   45   42   47   46   46   50   54   54   55   55   45   49   53   54   57   61   60   60   63   68   52   75   59   60   63   64   66   67   69   70   73   72   71   71   70   66   78   66
  29   21   23   16   16   16   15   16   14   14    0   14   15   13   13   18   26   28   28   27   27   32   28   27   22   34   35   40   20   23   23   23   10   16   18   22   23   22   19   17   18   16   16   12    9   10   14   14   16   16   22   19   20   22   22   28   28   26   32   30   35   34   35   39   45   43   44   44   31   35   40   41   44   48   47   48   50   54   38   61   45   46   49   50   52   53   55   57   59   59   57   59   58   56   67   56
  36   22   22   15   13   12   10   11    6    3   14    0    4    4    8   15   24   26   27   26   29   35   33   33   30   38   42   45   28   32   32   33   22   28   30   33   34   34   33   31   32   30   30   25   23   24   26   26   30   30   36   33   33   34   36   41   41   38   44   41   45   44   44   48   52   52   53   53   45   49   51   53   56   60   59   59   62   66   52   75   59   59   63   63   65   66   68   69   72   72   70   70   68   64   76   63
  40   26   26   19   17   16   14   15   10    7   15    4    0    2    5   11   20   23   23   22   25   32   30   30   27   35   39   41   31   35   35   35   24   30   32   35   36   36   34   32   33   31   31   26   24   24   25   25   31   30   36   33   33   33   36   40   40   37   43   39   43   42   42   45   49   49   51   51   44   48   50   51   54   59   57   57   60   65   53   76   58   58   62   62   64   65   67   68   71   71   69   68   65   62   73   60
  39   26   26   18   17   16   14   15   10    7   13    4    2    0    4   10   19   22   23   21   24   31   29   29   26   34   38   40   30   34   33   34   22   28   31   34   35   34   32   30   31   29   29   25   22   22   23   23   29   28   34   31   31   31   34   38   38   35   41   37   42   40   40   44   47   48   49   49   42   46   48   49   52   57   55   55   58   63   51   74   56   56   60   60   62   63   65   66   69   69   67   66   64   60   72   59
  40   28   29   21   20   19   17   18   13   11   13    8    5    4    0    7   16   19   19   18   21   27   25   25   22   30   34   37   31   35   35   35   23   29   31   35   35   35   32   30   30   29   28   24   22   21   21   20   28   27   33   29   29   28   32   36   36   32   38   34   38   37   37   40   44   44   46   46   40   44   45   46   49   54   52   52   55   60   50   73   54   54   58   57   59   60   62   63   66   66   65   63   60   57   68   55
  47   35   36   28   27   26   24   25   20   17   18   15   11   10    7    0    9   12   12   11   14   21   21   21   20   25   29   31   38   41   41   41   28   34   36   40   41   40   36   33   34   32   32   29   26   23   22   21   31   29   35   31   30   28   34   36   36   32   37   32   36   34   34   37   39   41   42   42   41   44   44   45   48   53   50   49   53   58   53   76   54   54   58   56   58   59   61   62   65   65   65   60   57   53   64   50
  55   44   45   37   36   35   33   34   29   26   26   24   20   19   16    9    0    3    4    2    8   14   16   18   18   18   24   24   46   49   48   48   35   42   43   47   48   46   42   39   39   38   37   36   32   28   26   24   36   33   39   35   33   29   37   38   38   33   37   31   34   32   31   33   33   36   38   38   42   45   42   43   46   51   48   46   50   56   57   79   55   54   59   55   56   57   60   60   64   64   65   56   52   47   58   44
  58   47   48   40   39   38   36   37   32   29   28   26   23   22   19   12    3    0    2    1    7   13   16   18   19   17   23   23   49   52   51   51   38   44   46   50   51   49   44   41   41   40   39   38   35   31   28   25   38   35   40   37   35   30   39   39   39   34   37   32   34   32   31   32   32   36   38   38   43   46   42   43   46   51   48   46   50   56   59   81   56   55   59   55   56   57   60   60   64   64   66   55   51   46   57   42
  57   47   48   40   39   38   36   37   33   30   28   27   23   23   19   12    4    2    0    1    5   11   14   16   17   15   21   21   48   51   51   50   37   43   45   49   50   48   43   40   40   39   38   37   34   29   26   24   37   34   39   35   33   29   37   37   37   32   35   30   32   30   29   30   30   34   36   36   42   44   40   41   44   49   46   44   48   54   57   79   54   53   58   53   54   55   58   58   62   62   64   53   49   44   55   40
  56   46   47   39   38   37   35   36   31   29   27   26   22   21   18   11    2    1    1    0    6   13   15   17   18   17   22   22   48   51   50   50   37   43   45   49   49   48   43   40   40   38   38   37   34   29   26   24   37   34   39   35   34   29   37   38   38   33   36   31   33   31   30   31   31   35   37   37   42   45   41   42   45   50   47   45   49   55   58   80   55   54   58   54   55   56   59   59   63   63   64   54   51   46   56   42
  56   47   49   41   40   39   37   39   34   31   27   29   25   24   21   14    8    7    5    6    0    7    9   11   13   11   16   17   47   50   49   49   36   42   43   47   48   46   41   38   37   36   35   35   32   27   23   21   34   31   35   32   30   24   33   33   33   28   31   25   27   25   24   25   26   29   31   31   37   40   35   36   39   44   41   39   43   49   54   75   49   48   53   49   49   50   53   53   57   57   59   48   45   40   51   36
  60   53   55   47   46   46   44   45   40   38   32   35   32   31   27   21   14   13   11   13    7    0    6    9   13    4   10   10   52   54   53   53   40   46   47   51   51   49   43   40   40   38   37   39   36   30   25   23   36   33   36   33   31   24   34   32   32   27   28   22   23   21   20   20   19   23   25   25   36   38   32   32   35   40   36   34   38   44   54   74   47   46   50   45   45   46   49   49   53   53   55   42   38   33   44   29
  55   49   51   43   43   42   41   42   38   36   28   33   30   29   25   21   16   16   14   15    9    6    0    3    7    6    8   12   47   49   48   47   35   40   41   45   46   43   37   34   34   32   31   33   30   24   19   17   30   27   30   27   24   18   27   25   25   21   22   17   18   16   15   16   18   20   22   22   30   32   26   27   30   35   32   30   34   40   48   68   41   40   44   40   40   41   44   44   48   49   50   40   36   32   43   30
  53   47   50   42   42   42   40   41   37   35   27   33   30   29   25   21   18   18   16   17   11    9    3    0    5    8    9   13   45   47   46   45   33   38   39   43   43   41   35   32   31   30   29   31   28   22   17   15   28   24   27   24   21   15   25   23   23   18   20   14   16   14   13   15   19   19   21   21   27   29   24   25   28   33   30   28   32   38   45   65   38   37   42   37   38   39   42   42   46   46   48   38   35   31   43   30
  48   43   45   38   38   37   36   37   33   32   22   30   27   26   22   20   18   19   17   18   13   13    7    5    0   13   14   18   40   42   41   40   28   33   34   38   38   36   30   27   26   25   24   26   23   17   12   10   23   19   23   20   17   11   21   20   20   15   18   13   16   15   15   18   23   22   24   24   24   27   24   25   28   33   31   30   33   39   41   62   37   36   40   37   38   39   42   42   46   46   47   40   38   35   46   34
  61   55   57   49   48   48   46   47   43   41   34   38   35   34   30   25   18   17   15   17   11    4    6    8   13    0    6    6   53   55   54   53   41   46   47   51   51   49   43   40   39   38   37   39   36   30   25   23   36   32   35   32   30   23   33   30   30   25   26   20   20   18   16   16   15   19   21   21   34   35   28   29   32   36   33   30   34   40   52   72   44   43   47   41   41   42   46   45   49   50   52   38   34   29   40   25
  61   56   59   51   51   51   49   50   46   44   35   42   39   38   34   29   24   23   21   22   16   10    8    9   14    6    0    5   54   55   54   53   42   46   47   51   51   48   42   39   38   37   36   39   36   30   25   23   35   31   33   31   28   21   30   26   26   22   21   16   15   13   11   10   10   13   15   15   30   31   23   23   26   31   27   24   28   35   49   68   39   37   42   35   35   36   40   39   43   44   47   32   28   24   35   21
  66   60   63   55   55   54   52   54   49   47   40   45   41   40   37   31   24   23   21   22   17   10   12   13   18    6    5    0   58   60   59   58   46   51   52   56   56   53   47   44   43   42   41   44   41   35   30   28   40   36   39   36   33   26   36   32   32   27   26   21   20   18   16   14    9   16   17   17   36   36   27   27   30   34   30   27   31   38   55   73   44   42   46   39   39   40   43   42   47   48   51   34   29   24   34   19
   9   10   14   15   17   18   19   20   23   25   20   28   31   30   31   38   46   49   48   48   47   52   47   45   40   53   54   58    0    4    5    7   12    9   10    9   10   13   17   18   20   20   21   15   18   24   29   31   22   25   28   27   30   36   30   37   37   38   44   44   49   49   50   54   62   58   59   59   38   42   51   52   54   57   58   60   61   64   34   55   49   51   53   58   61   62   62   65   66   65   61   71   72   71   81   73
   6   14   18   19   21   23   24   24   27   30   23   32   35   34   35   41   49   52   51   51   50   54   49   47   42   55   55   60    4    0    1    4   14    9    9    6    7   11   16   18   19   20   21   16   19   25   30   32   22   25   27   27   30   36   30   37   37   38   43   44   49   49   51   55   63   59   59   59   37   41   51   52   54   56   57   60   61   63   31   51   48   50   51   57   60   60   61   64   64   63   59   70   72   71   81   74
   7   15   19   20   22   23   24   25   27   30   23   32   35   33   35   41   48   51   51   50   49   53   48   46   41   54   54   59    5    1    0    2   13    8    8    5    6    9   14   17   18   18   19   15   18   24   29   31   20   24   26   26   29   35   28   35   35   36   42   43   48   48   50   54   62   58   58   58   36   40   49   51   52   55   56   58   59   61   30   50   46   48   50   55   58   59   59   62   63   62   57   69   70   70   80   73
   9   17   21   21   23   25   25   26   28   31   23   33   35   34   35   41   48   51   50   50   49   53   47   45   40   53   53   58    7    4    2    0   13    7    6    3    4    7   13   15   16   17   18   14   17   23   28   30   19   23   24   24   27   34   26   34   34   35   40   41   46   47   48   52   61   56   57   57   34   38   47   49   50   53   54   56   57   59   28   48   44   46   48   53   56   57   57   60   61   59   55   67   68   68   78   72
  20   17   21   16   17   18   18   19   19   21   10   22   24   22   23   28   35   38   37   37   36   40   35   33   28   41   42   46   12   14   13   13    0    6    8   12   13   12   11   10   11   11   11    4    6   12   17   18   12   14   18   17   19   24   20   27   27   26   33   32   37   37   38   43   50   47   47   47   29   33   40   42   44   48   47   49   51   54   31   54   42   43   46   49   51   52   54   56   57   56   53   60   60   59   70   61
  15   17   22   19   21   22   22   23   24   26   16   28   30   28   29   34   42   44   43   43   42   46   40   38   33   46   46   51    9    9    8    7    6    0    2    6    6    6    8    9   11   11   12    7   10   16   21   23   13   16   18   18   21   27   21   28   28   29   34   35   40   40   42   46   54   50   50   50   29   33   42   43   45   48   49   51   52   54   27   49   40   42   44   49   52   52   53   56   57   56   52   62   63   62   72   65
  15   19   23   21   23   24   25   25   27   29   18   30   32   31   31   36   43   46   45   45   43   47   41   39   34   47   47   52   10    9    8    6    8    2    0    4    4    4    7    9   10   11   12    8   11   17   22   24   13   16   18   18   21   28   21   28   28   29   34   35   40   41   42   46   55   50   51   51   28   33   42   43   45   48   48   51   52   54   25   47   39   41   43   48   51   52   52   55   56   55   51   62   63   62   72   66
  11   19   23   23   25   26   27   27   29   31   22   33   35   34   35   40   47   50   49   49   47   51   45   43   38   51   51   56    9    6    5    3   12    6    4    0    1    4   10   12   14   14   15   12   16   21   26   28   16   20   21   22   25   31   24   31   31   32   38   39   44   44   46   50   58   54   54   54   31   35   45   46   48   50   51   54   55   56   25   46   41   43   45   50   53   54   54   57   58   57   52   64   66   65   76   69
  12   20   24   24   26   27   28   28   30   32   23   34   36   35   35   41   48   51   50   49   48   51   46   43   38   51   51   56   10    7    6    4   13    6    4    1    0    4    9   12   13   14   15   13   16   21   26   28   16   20   21   22   25   31   23   30   30   32   37   39   43   44   46   50   58   53   54   54   31   34   44   46   47   50   51   53   54   56   24   45   40   42   44   50   53   53   54   57   57   56   51   64   65   65   75   69
  15   23   27   25   27   28   29   29   31   33   22   34   36   34   35   40   46   49   48   48   46   49   43   41   36   49   48   53   13   11    9    7   12    6    4    4    4    0    6    9   10   11   12   11   14   19   24   26   13   17   17   18   21   28   20   27   27   29   34   36   40   41   42   47   55   50   50   50   27   31   41   42   43   46   47   50   51   52   22   43   37   39   41   46   49   50   50   53   54   52   48   60   62   62   72   66
  21   25   30   26   28   29   29   30   30   32   19   33   34   32   32   36   42   44   43   43   41   43   37   35   30   43   42   47   17   16   14   13   11    8    7   10    9    6    0    3    4    5    6    8   10   14   18   20    7   11   11   12   15   22   14   21   21   23   28   29   34   35   36   40   49   44   44   44   21   25   35   36   38   41   41   44   45   47   20   43   32   34   36   41   44   45   45   48   49   48   44   55   56   56   66   60
  23   26   30   26   28   28   28   29   29   30   17   31   32   30   30   33   39   41   40   40   38   40   34   32   27   40   39   44   18   18   17   15   10    9    9   12   12    9    3    0    1    2    3    6    8   11   15   17    4    8    9    9   12   19   12   19   19   20   25   27   31   32   34   38   46   41   42   42   20   24   33   34   36   39   39   42   43   45   21   44   32   33   36   40   42   43   44   47   48   47   43   53   54   53   64   57
  25   27   31   27   29   30   29   30   30   31   18   32   33   31   30   34   39   41   40   40   37   40   34   31   26   39   38   43   20   19   18   16   11   11   10   14   13   10    4    1    0    1    2    7    8   11   14   17    3    7    8    8   11   18   10   17   17   19   24   25   30   31   32   36   45   40   41   41   18   23   31   33   34   38   38   40   42   44   21   44   30   32   34   38   41   42   43   45   47   45   42   51   52   52   62   56
  25   27   31   27   28   29   28   30   29   30   16   30   31   29   29   32   38   40   39   38   36   38   32   30   25   38   37   42   20   20   18   17   11   11   11   14   14   11    5    2    1    0    1    6    7    9   13   15    2    6    8    8   10   17   10   17   17   18   24   25   29   30   32   36   44   39   40   40   18   23   31   32   34   37   38   40   41   44   22   45   31   32   35   38   41   42   43   45   47   46   43   51   52   51   62   55
  26   28   32   27   28   29   29   30   29   30   16   30   31   29   28   32   37   39   38   38   35   37   31   29   24   37   36   41   21   21   19   18   11   12   12   15   15   12    6    3    2    1    0    7    7    8   12   14    1    5    7    7    9   16    9   16   16   17   23   24   28   29   31   35   43   38   39   39   18   22   30   32   33   37   37   39   41   43   22   45   30   32   35   38   40   41   42   45   46   45   42   50   51   50   61   54
  22   21   25   20   22   23   22   23   23   24   12   25   26   25   24   29   36   38   37   37   35   39   33   31   26   39   39   44   15   16   15   14    4    7    8   12   13   11    8    6    7    6    7    0    3    9   14   16    7   10   14   13   15   21   16   23   23   22   29   29   34   34   35   39   47   43   44   44   24   29   36   38   40   43   43   45   47   50   27   50   37   38   41   44   47   48   49   51   53   52   49   56   57   55   66   58
  25   23   26   21   22   22   22   23   22   23    9   23   24   22   22   26   32   35   34   34   32   36   30   28   23   36   36   41   18   19   18   17    6   10   11   16   16   14   10    8    8    7    7    3    0    6   11   13    7    9   14   12   13   18   15   21   21   21   27   26   31   31   33   37   44   41   42   42   24   28   35   36   38   42   42   43   45   48   29   52   37   38   41   44   46   47   48   50   52   51   49   55   55   53   64   56
  31   28   31   25   26   26   25   26   24   25   10   24   24   22   21   23   28   31   29   29   27   30   24   22   17   30   30   35   24   25   24   23   12   16   17   21   21   19   14   11   11    9    8    9    6    0    5    7    8    6   12    9    9   13   12   17   17   16   22   21   26   26   27   31   38   35   36   36   21   25   30   31   34   38   37   38   40   44   30   53   35   35   39   40   42   43   45   47   49   48   46   49   49   48   59   50
  36   33   36   29   30   30   29   30   27   27   14   26   25   23   21   22   26   28   26   26   23   25   19   17   12   25   25   30   29   30   29   28   17   21   22   26   26   24   18   15   14   13   12   14   11    5    0    2   11    8   13    9    8    9   12   15   15   12   18   16   21   21   22   26   33   30   31   31   19   23   26   27   30   34   33   34   37   41   32   54   33   33   37   37   39   40   42   43   46   46   44   45   45   43   54   45
  38   34   37   30   30   30   29   30   27   27   14   26   25   23   20   21   24   25   24   24   21   23   17   15   10   23   23   28   31   32   31   30   18   23   24   28   28   26   20   17   17   15   14   16   13    7    2    0   13   10   15   11   10    9   13   16   16   12   18   16   21   20   21   25   32   29   30   30   20   24   26   27   30   35   33   34   36   41   34   56   34   34   38   37   39   40   42   44   47   46   45   45   44   42   53   43
  27   28   32   27   29   29   29   30   29   30   16   30   31   29   28   31   36   38   37   37   34   36   30   28   23   36   35   40   22   22   20   19   12   13   13   16   16   13    7    4    3    2    1    7    7    8   11   13    0    4    7    6    9   15    8   16   16   16   22   23   28   28   30   34   42   37   38   38   17   22   29   31   33   36   36   38   40   42   22   46   30   31   34   37   40   41   42   44   46   45   42   49   50   49   60   53
  31   31   35   29   30   31   30   31   30   30   16   30   30   28   27   29   33   35   34   34   31   33   27   24   19   32   31   36   25   25   24   23   14   16   16   20   20   17   11    8    7    6    5   10    9    6    8   10    4    0    6    3    5   11    6   13   13   13   19   19   24   24   26   30   38   34   34   34   15   20   26   28   30   33   33   35   37   40   24   47   29   30   33   35   37   38   40   42   44   43   41   46   47   46   56   49
  32   35   39   34   35   36   35   37   36   36   22   36   36   34   33   35   39   40   39   39   35   36   30   27   23   35   33   39   28   27   26   24   18   18   18   21   21   17   11    9    8    8    7   14   14   12   13   15    7    6    0    4    6   13    3   10   10   12   17   19   23   24   26   30   39   33   34   34   11   15   24   25   27   30   30   33   34   36   19   41   23   25   28   31   33   34   35   38   39   38   35   44   45   45   55   49
  33   34   38   32   34   34   33   35   33   33   19   33   33   31   29   31   35   37   35   35   32   33   27   24   20   32   31   36   27   27   26   24   17   18   18   22   22   18   12    9    8    8    7   13   12    9    9   11    6    3    4    0    3   10    3   10   10   10   16   17   22   22   24   28   37   32   32   32   12   17   24   25   27   30   30   32   34   37   22   45   26   27   30   32   34   35   37   39   41   40   37   44   44   44   54   48
  36   36   40   34   35   35   34   36   34   34   20   33   33   31   29   30   33   35   33   34   30   31   24   21   17   30   28   33   30   30   29   27   19   21   21   25   25   21   15   12   11   10    9   15   13    9    8   10    9    5    6    3    0    7    4    8    8    8   14   14   19   19   21   25   34   29   29   29   11   16   21   23   25   29   28   30   32   35   24   46   25   26   29   30   33   34   35   37   39   39   37   41   42   41   51   45
  42   41   44   37   38   38   37   39   36   35   22   34   33   31   28   28   29   30   29   29   24   24   18   15   11   23   21   26   36   36   35   34   24   27   28   31   31   28   22   19   18   17   16   21   18   13    9    9   15   11   13   10    7    0   10    9    9    4   10    8   13   13   15   19   27   22   23   23   13   16   17   19   21   26   25   25   28   32   30   51   26   26   30   29   31   32   34   35   38   38   37   37   36   35   46   38
  35   37   41   35   37   37   36   38   36   36   22   36   36   34   32   34   37   39   37   37   33   34   27   25   21   33   30   36   30   30   28   26   20   21   21   24   23   20   14   12   10   10    9   16   15   12   12   13    8    6    3    3    4   10    0    7    7    9   14   16   20   21   23   27   36   30   31   31    9   13   21   22   24   28   28   30   31   34   21   43   23   23   27   29   31   32   34   36   38   37   34   41   42   42   52   46
  42   44   48   42   43   43   42   44   42   42   28   41   40   38   36   36   38   39   37   38   33   32   25   23   20   30   26   32   37   37   35   34   27   28   28   31   30   27   21   19   17   17   16   23   21   17   15   16   16   13   10   10    8    9    7    0    0    5    7   11   14   15   17   21   31   24   24   24    4    8   14   15   17   21   21   23   24   27   23   43   18   18   22   22   25   26   27   29   31   31   29   34   35   35   45   40
  42   44   48   42   43   43   42   44   42   42   28   41   40   38   36   36   38   39   37   38   33   32   25   23   20   30   26   32   37   37   35   34   27   28   28   31   30   27   21   19   17   17   16   23   21   17   15   16   16   13   10   10    8    9    7    0    0    5    7   11   14   15   17   21   31   24   24   24    4    8   14   15   17   21   21   23   24   27   23   43   18   18   22   22   25   26   27   29   31   31   29   34   35   35   45   40
  43   43   47   40   41   42   40   42   39   39   26   38   37   35   32   32   33   34   32   33   28   27   21   18   15   25   22   27   38   38   36   35   26   29   29   32   32   29   23   20   19   18   17   22   21   16   12   12   16   13   12   10    8    4    9    5    5    0    6    7   11   12   14   18   27   21   22   22    9   12   14   16   18   22   21   23   25   29   27   48   22   22   26   25   27   28   30   31   34   34   33   34   34   33   44   37
  49   50   53   47   48   48   47   48   46   45   32   44   43   41   38   37   37   37   35   36   31   28   22   20   18   26   21   26   44   43   42   40   33   34   34   38   37   34   28   25   24   24   23   29   27   22   18   18   22   19   17   16   14   10   14    7    7    6    0    6    7    9   11   15   24   17   17   17    9   10    8    9   12   16   15   16   18   22   29   47   19   18   22   19   21   22   24   25   28   28   28   28   28   28   38   33
  50   49   52   45   46   46   45   46   43   42   30   41   39   37   34   32   31   32   30   31   25   22   17   14   13   20   16   21   44   44   43   41   32   35   35   39   39   36   29   27   25   25   24   29   26   21   16   16   23   19   19   17   14    8   16   11   11    7    6    0    5    5    7   11   20   15   15   15   14   16   11   12   15   20   18   18   21   26   34   52   25   23   28   24   25   26   29   29   33   33   34   29   28   27   38   30
  55   54   57   50   51   51   50   51   48   47   35   45   43   42   38   36   34   34   32   33   27   23   18   16   16   20   15   20   49   49   48   46   37   40   40   44   43   40   34   31   30   29   28   34   31   26   21   21   28   24   23   22   19   13   20   14   14   11    7    5    0    2    4    7   17   10   10   10   17   17    8    9   12   17   14   13   17   22   36   53   24   22   27   21   22   23   26   26   30   30   32   24   23   22   33   26
  55   54   57   50   50   50   49   50   47   46   34   44   42   40   37   34   32   32   30   31   25   21   16   14   15   18   13   18   49   49   48   47   37   40   41   44   44   41   35   32   31   30   29   34   31   26   21   20   28   24   24   22   19   13   21   15   15   12    9    5    2    0    2    6   15    9   10   10   18   19   10   11   14   19   16   15   18   24   38   55   26   25   29   24   24   25   28   28   32   32   34   26   24   22   33   25
  57   55   58   51   51   51   50   51   47   46   35   44   42   40   37   34   31   31   29   30   24   20   15   13   15   16   11   16   50   51   50   48   38   42   42   46   46   42   36   34   32   32   31   35   33   27   22   21   30   26   26   24   21   15   23   17   17   14   11    7    4    2    0    4   13    8    9    9   21   21   12   13   16   20   17   15   19   25   40   57   28   27   31   25   25   26   30   29   33   34   36   25   23   21   32   23
  61   59   62   54   55   55   53   55   51   50   39   48   45   44   40   37   33   32   30   31   25   20   16   15   18   16   10   14   54   55   54   52   43   46   46   50   50   47   40   38   36   36   35   39   37   31   26   25   34   30   30   28   25   19   27   21   21   18   15   11    7    6    4    0    9    4    6    6   24   24   13   14   16   21   17   14   18   24   43   60   30   28   33   25   25   26   30   29   33   34   37   23   20   17   28   19
  69   65   68   60   61   60   59   60   56   54   45   52   49   47   44   39   33   32   30   31   26   19   18   19   23   15   10    9   62   63   62   61   50   54   55   58   58   55   49   46   45   44   43   47   44   38   33   32   42   38   39   37   34   27   36   31   31   27   24   20   17   15   13    9    0    8   10   10   34   33   22   22   24   28   24   20   24   30   53   69   39   37   41   33   32   33   36   34   39   40   44   25   20   15   25   12
  65   63   66   59   59   59   57   59   55   54   43   52   49   48   44   41   36   36   34   35   29   23   20   19   22   19   13   16   58   59   58   56   47   50   50   54   53   50   44   41   40   39   38   43   41   35   30   29   37   34   33   32   29   22   30   24   24   21   17   15   10    9    8    4    8    0    2    2   26   25   14   14   16   19   15   12   16   22   45   61   31   28   33   24   24   25   28   27   31   32   36   19   16   13   24   16
  65   64   67   60   60   60   59   60   57   55   44   53   51   49   46   42   38   38   36   37   31   25   22   21   24   21   15   17   59   59   58   57   47   50   51   54   54   50   44   42   41   40   39   44   42   36   31   30   38   34   34   32   29   23   31   24   24   22   17   15   10   10    9    6   10    2    0    0   26   25   13   13   14   18   14   10   14   20   45   60   30   27   31   23   22   23   26   25   30   30   34   17   14   12   23   16
  65   64   67   60   60   60   59   60   57   55   44   53   51   49   46   42   38   38   36   37   31   25   22   21   24   21   15   17   59   59   58   57   47   50   51   54   54   50   44   42   41   40   39   44   42   36   31   30   38   34   34   32   29   23   31   24   24   22   17   15   10   10    9    6   10    2    0    0   26   25   13   13   14   18   14   10   14   20   45   60   30   27   31   23   22   23   26   25   30   30   34   17   14   12   23   16
  42   46   49   44   46   46   45   47   45   45   31   45   44   42   40   41   42   43   42   42   37   36   30   27   24   34   30   36   38   37   36   34   29   29   28   31   31   27   21   20   18   18   18   24   24   21   19   20   17   15   11   12   11   13    9    4    4    9    9   14   17   18   21   24   34   26   26   26    0    4   14   16   17   19   20   23   24   25   19   38   14   15   18   20   23   23   25   27   29   28   25   34   35   36   46   42
  46   50   54   49   50   51   50   51   49   49   35   49   48   46   44   44   45   46   44   45   40   38   32   29   27   35   31   36   42   41   40   38   33   33   33   35   34   31   25   24   23   23   22   29   28   25   23   24   22   20   15   17   16   16   13    8    8   12   10   16   17   19   21   24   33   25   25   25    4    0   12   13   13   15   17   20   20   21   20   37   10   10   14   16   18   19   20   23   24   23   21   30   33   34   43   41
  56   57   61   55   56   56   55   56   53   53   40   51   50   48   45   44   42   42   40   41   35   32   26   24   24   28   23   27   51   51   49   47   40   42   42   45   44   41   35   33   31   31   30   36   35   30   26   26   29   26   24   24   21   17   21   14   14   14    8   11    8   10   12   13   22   14   13   13   14   12    0    1    4    9    7    9   11   15   32   47   17   15   19   13   14   15   18   18   22   22   24   20   21   22   31   29
  57   59   62   56   57   57   56   57   55   54   41   53   51   49   46   45   43   43   41   42   36   32   27   25   25   29   23   27   52   52   51   49   42   43   43   46   46   42   36   34   33   32   32   38   36   31   27   27   31   28   25   25   23   19   22   15   15   16    9   12    9   11   13   14   22   14   13   13   16   13    1    0    3    8    6    8    9   14   33   47   17   15   19   12   13   14   17   17   21   21   23   19   20   21   30   28
  59   61   64   58   59   60   59   60   57   57   44   56   54   52   49   48   46   46   44   45   39   35   30   28   28   32   26   30   54   54   52   50   44   45   45   48   47   43   38   36   34   34   33   40   38   34   30   30   33   30   27   27   25   21   24   17   17   18   12   15   12   14   16   16   24   16   14   14   17   13    4    3    0    5    4    7    7   11   33   46   16   13   17    9   10   11   14   14   18   18   21   17   19   21   29   29
  61   64   68   62   64   64   63   64   62   61   48   60   59   57   54   53   51   51   49   50   44   40   35   33   33   36   31   34   57   56   55   53   48   48   48   50   50   46   41   39   38   37   37   43   42   38   34   35   36   33   30   30   29   26   28   21   21   22   16   20   17   19   20   21   28   19   18   18   19   15    9    8    5    0    4    9    6    6   33   43   14   11   14    5    5    6    9    9   13   13   16   15   19   22   29   31
  62   64   68   62   63   63   62   63   61   60   47   59   57   55   52   50   48   48   46   47   41   36   32   30   31   33   27   30   58   57   56   54   47   49   48   51   51   47   41   39   38   38   37   43   42   37   33   33   36   33   30   30   28   25   28   21   21   21   15   18   14   16   17   17   24   15   14   14   20   17    7    6    4    4    0    4    4    8   36   47   18   15   18    9    9    9   13   12   16   17   21   13   16   19   26   27
  65   66   69   63   64   64   63   64   61   60   48   59   57   55   52   49   46   46   44   45   39   34   30   28   30   30   24   27   60   60   58   56   49   51   51   54   53   50   44   42   40   40   39   45   43   38   34   34   38   35   33   32   30   25   30   23   23   23   16   18   13   15   15   14   20   12   10   10   23   20    9    8    7    9    4    0    4   10   40   52   22   19   23   13   12   13   17   15   20   21   25   11   12   14   23   23
  66   68   71   65   66   66   65   67   64   63   50   62   60   58   55   53   50   50   48   49   43   38   34   32   33   34   28   31   61   61   59   57   51   52   52   55   54   51   45   43   42   41   41   47   45   40   37   36   40   37   34   34   32   28   31   24   24   25   18   21   17   18   19   18   24   16   14   14   24   20   11    9    7    6    4    4    0    6   39   49   20   17   20   10    8    9   13   11   16   17   21   10   13   17   23   26
  67   71   75   69   70   70   69   70   68   68   54   66   65   63   60   58   56   56   54   55   49   44   40   38   39   40   35   38   64   63   61   59   54   54   54   56   56   52   47   45   44   44   43   50   48   44   41   41   42   40   36   37   35   32   34   27   27   29   22   26   22   24   25   24   30   22   20   20   25   21   15   14   11    6    8   10    6    0   38   46   18   15   17    7    4    4    7    4    9   11   16   11   17   21   25   31
  34   44   48   46   48   49   49   50   50   52   38   52   53   51   50   53   57   59   57   58   54   54   48   45   41   52   49   55   34   31   30   28   31   27   25   25   24   22   20   21   21   22   22   27   29   30   32   34   22   24   19   22   24   30   21   23   23   27   29   34   36   38   40   43   53   45   45   45   19   20   32   33   33   33   36   40   39   38    0   23   20   23   23   31   34   35   34   38   37   35   29   49   52   54   62   61
  52   65   69   68   70   71   71   72   73   75   61   75   76   74   73   76   79   81   79   80   75   74   68   65   62   72   68   73   55   51   50   48   54   49   47   46   45   43   43   44   44   45   45   50   52   53   54   56   46   47   41   45   46   51   43   43   43   48   47   52   53   55   57   60   69   61   60   60   38   37   47   47   46   43   47   52   49   46   23    0   30   33   29   39   42   41   39   43   39   37   30   57   62   66   71   75
  52   58   62   57   59   59   59   60   59   59   45   59   58   56   54   54   55   56   54   55   49   47   41   38   37   44   39   44   49   48   46   44   42   40   39   41   40   37   32   32   30   31   30   37   37   35   33   34   30   29   23   26   25   26   23   18   18   22   19   25   24   26   28   30   39   31   30   30   14   10   17   17   16   14   18   22   20   18   20   30    0    3    4   11   14   15   14   17   17   16   12   29   33   36   43   45
  54   59   63   59   60   61   60   61   59   60   46   59   58   56   54   54   54   55   53   54   48   46   40   37   36   43   37   42   51   50   48   46   43   42   41   43   42   39   34   33   32   32   32   38   38   35   33   34   31   30   25   27   26   26   23   18   18   22   18   23   22   25   27   28   37   28   27   27   15   10   15   15   13   11   15   19   17   15   23   33    3    0    4    8   11   12   11   15   15   14   11   26   30   34   40   42
  55   62   66   61   63   64   63   64   63   63   49   63   62   60   58   58   59   59   58   58   53   50   44   42   40   47   42   46   53   51   50   48   46   44   43   45   44   41   36   36   34   35   35   41   41   39   37   38   34   33   28   30   29   30   27   22   22   26   22   28   27   29   31   33   41   33   31   31   18   14   19   19   17   14   18   23   20   17   23   29    4    4    0   10   13   13   11   15   14   12    8   28   33   37   42   46
  61   66   69   64   65   66   65   66   64   64   50   63   62   60   57   56   55   55   53   54   49   45   40   37   37   41   35   39   58   57   55   53   49   49   48   50   50   46   41   40   38   38   38   44   44   40   37   37   37   35   31   32   30   29   29   22   22   25   19   24   21   24   25   25   33   24   23   23   20   16   13   12    9    5    9   13   10    7   31   39   11    8   10    0    3    4    5    7    9    9   11   18   23   27   32   36
  64   68   72   67   68   68   67   68   66   66   52   65   64   62   59   58   56   56   54   55   49   45   40   38   38   41   35   39   61   60   58   56   51   52   51   53   53   49   44   42   41   41   40   47   46   42   39   39   40   37   33   34   33   31   31   25   25   27   21   25   22   24   25   25   32   24   22   22   23   18   14   13   10    5    9   12    8    4   34   42   14   11   13    3    0    1    4    4    8    9   13   15   20   25   29   34
  65   69   73   67   69   69   68   69   67   67   53   66   65   63   60   59   57   57   55   56   50   46   41   39   39   42   36   40   62   60   59   57   52   52   52   54   53   50   45   43   42   42   41   48   47   43   40   40   41   38   34   35   34   32   32   26   26   28   22   26   23   25   26   26   33   25   23   23   23   19   15   14   11    6    9   13    9    4   35   41   15   12   13    4    1    0    4    4    7    8   12   15   21   25   30   35
  65   70   74   69   70   71   70   71   69   69   55   68   67   65   62   61   60   60   58   59   53   49   44   42   42   46   40   43   62   61   59   57   54   53   52   54   54   50   45   44   43   43   42   49   48   45   42   42   42   40   35   37   35   34   34   27   27   30   24   29   26   28   30   30   36   28   26   26   25   20   18   17   14    9   13   17   13    7   34   39   14   11   11    5    4    4    0    4    4    4    9   18   24   29   32   38
  68   73   76   71   72   73   72   73   71   70   57   69   68   66   63   62   60   60   58   59   53   49   44   42   42   45   39   42   65   64   62   60   56   56   55   57   57   53   48   47   45   45   45   51   50   47   43   44   44   42   38   39   37   35   36   29   29   31   25   29   26   28   29   29   34   27   25   25   27   23   18   17   14    9   12   15   11    4   38   43   17   15   15    7    4    4    4    0    5    6   13   14   20   25   28   35
  69   74   78   73   74   75   74   75   73   73   59   72   71   69   66   65   64   64   62   63   57   53   48   46   46   49   43   47   66   64   63   61   57   57   56   58   57   54   49   48   47   47   46   53   52   49   46   47   46   44   39   41   39   38   38   31   31   34   28   33   30   32   33   33   39   31   30   30   29   24   22   21   18   13   16   20   16    9   37   39   17   15   14    9    8    7    4    5    0    2    9   19   25   30   33   40
  67   73   77   72   73   74   73   74   72   72   59   72   71   69   66   65   64   64   62   63   57   53   49   46   46   50   44   48   65   63   62   59   56   56   55   57   56   52   48   47   45   46   45   52   51   48   46   46   45   43   38   40   39   38   37   31   31   34   28   33   30   32   34   34   40   32   30   30   28   23   22   21   18   13   17   21   17   11   35   37   16   14   12    9    9    8    4    6    2    0    7   21   27   32   35   42
  62   69   73   69   71   71   71   72   70   71   57   70   69   67   65   65   65   66   64   64   59   55   50   48   47   52   47   51   61   59   57   55   53   52   51   52   51   48   44   43   42   43   42   49   49   46   44   45   42   41   35   37   37   37   34   29   29   33   28   34   32   34   36   37   44   36   34   34   25   21   24   23   21   16   21   25   21   16   29   30   12   11    8   11   13   12    9   13    9    7    0   27   33   37   41   47
  76   77   81   74   75   75   74   75   72   71   59   70   68   66   63   60   56   55   53   54   48   42   40   38   40   38   32   34   71   70   69   67   60   62   62   64   64   60   55   53   51   51   50   56   55   49   45   45   49   46   44   44   41   37   41   34   34   34   28   29   24   26   25   23   25   19   17   17   34   30   20   19   17   15   13   11   10   11   49   57   29   26   28   18   15   15   18   14   19   21   27    0    6   13   14   22
  77   77   80   74   74   74   73   74   71   70   58   68   65   64   60   57   52   51   49   51   45   38   36   35   38   34   28   29   72   72   70   68   60   63   63   66   65   62   56   54   52   52   51   57   55   49   45   44   50   47   45   44   42   36   42   35   35   34   28   28   23   24   23   20   20   16   14   14   35   33   21   20   19   19   16   12   13   17   52   62   33   30   33   23   20   21   24   20   25   27   33    6    0    6   10   16
  77   75   78   71   72   72   70   72   68   66   56   64   62   60   57   53   47   46   44   46   40   33   32   31   35   29   24   24   71   71   70   68   59   62   62   65   65   62   56   53   52   51   50   55   53   48   43   42   49   46   45   44   41   35   42   35   35   33   28   27   22   22   21   17   15   13   12   12   36   34   22   21   21   22   19   14   17   21   54   66   36   34   37   27   25   25   29   25   30   32   37   13    6    0   11   10
  87   87   90   83   83   83   81   83   79   78   67   76   73   72   68   64   58   57   55   56   51   44   43   43   46   40   35   34   81   81   80   78   70   72   72   76   75   72   66   64   62   62   61   66   64   59   54   53   60   56   55   54   51   46   52   45   45   44   38   38   33   33   32   28   25   24   23   23   46   43   31   30   29   29   26   23   23   25   62   71   43   40   42   32   29   30   32   28   33   35   41   14   10   11    0   16
  80   77   80   72   72   72   70   72   67   66   56   63   60   59   55   50   44   42   40   42   36   29   30   30   34   25   21   19   73   74   73   72   61   65   66   69   69   66   60   57   56   55   54   58   56   50   45   43   53   49   49   48   45   38   46   40   40   37   33   30   26   25   23   19   12   16   16   16   42   41   29   28   29   31   27   23   26   31   61   75   45   42   46   36   34   35   38   35   40   42   47   22   16   10   16    0
