100
     0   1134    422    359    521    627    698     56    498    547    588    325    232    279    130    759    736     87    834    517    257    551   1050    759    824    513    656    804    914    445    878    390    520    657    958    502    818    798    846    767    601    734    791    867    787    753    546    377    260    749    240    694    591    825    866    747    574    970    814     22    566     94    160    370    315    838    183    213    103    841    131    784    757    526    282    874    821    478    586    375    403    288    244    930    295    173    172    926   1150    219    311    669    865    694    796    886    166    766    543    820
  1134      0    807    954    759    603    752   1098   1007    759    641   1073    928   1088   1047    378    924   1207    730    915    997    824     87    872    870    967    762    612    372    953    273    970    799    725    317    642    640    890    541    725    817    810    841    341    354    759    601   1005    965    763   1015    472    600    827    645    736    560    307    498   1118    715   1158   1025    765    948    352    988   1123   1038    972   1208    954    788    930    980    368    538    915    646    931    865   1011   1045    236   1049   1022   1145    250    108    994    862    793    533    487    509    529   1018    414    643    414
   422    807      0    147    518    223    696    416    255    129    494    266    193    282    296    440    382    463    421    192    201    601    734    816    870    230    247    382    711    597    534    172    114    639    733    327    397    425    725    746    645    761    828    636    512    345    227    578    177    342    473    480    209    431    796    334    317    583    403    416    533    401    268    247    476    468    239    543    366    491    542    436    355    210    180    486    404    162    177    517    484    206    504    577    242    258    360    568    795    432    363    269    446    322    384    759    260    398    164    622
   359    954    147      0    609    360    796    373    161    225    607    119    185    144    230    587    377    375    488    158    102    682    881    904    962    161    312    483    851    648    681     42    187    741    876    449    489    439    852    852    730    855    921    779    658    404    372    612    107    400    486    617    354    468    915    402    456    719    528    362    633    309    202    339    513    611    194    529    340    484    489    427    403    168     77    624    520    119    314    565    548     79    511    722    103    187    247    712    938    444    418    318    559    467    510    888    197    542    311    760
   521    759    518    609      0    548    190    467    760    608    118    680    446    660    513    463    888    608    852    709    564     92    673    298    354    744    718    752    443    193    579    649    617    140    497    226    783    916    335    254    128    246    313    428    421    801    391    251    532    800    308    295    489    901    345    781    314    733    686    499     51    592    511    273    226    598    482    409    422    993    532    941    822    727    569    661    721    677    540    186    127    603    329    632    641    520    632    639    816    310    218    751    761    513    672    374    508    548    471    361
   627    603    223    360    548      0    690    611    407    157    477    479    395    502    510    266    390    679    305    316    424    640    537    826    868    368    203    209    583    686    332    371    197    634    590    322    238    394    647    722    672    762    826    499    361    263    157    691    398    264    619    383     59    364    739    240    247    360    188    618    542    618    482    336    595    253    450    709    555    479    737    438    289    332    403    264    200    312     46    618    566    428    653    367    461    474    582    355    579    582    475    240    245    121    169    673    475    188     91    509
   698    752    696    796    190    690      0    643    944    774    214    870    636    850    700    540   1054    785    993    888    754    151    672    140    178    925    876    882    389    291    635    835    788     57    447    379    916   1075    231     71    106     73    136    412    465    952    537    369    722    952    469    352    633   1053    186    930    443    801    799    676    163    775    700    457    387    679    671    556    603   1156    691   1107    976    906    758    747    839    857    692    332    295    792    482    682    830    709    819    693    829    481    406    911    876    629    788    262    697    645    625    339
    56   1098    416    373    467    611    643      0    521    544    538    355    223    313    145    726    750    142    835    530    273    495   1014    703    769    532    658    796    867    390    847    408    521    603    912    461    813    810    795    713    546    678    736    823    748    755    519    323    269    752    185    651    572    832    812    747    538    946    799     34    513    145    172    333    260    812    184    169     61    857    126    801    761    541    297    851    809    491    572    319    348    309    191    900    322    187    217    896   1118    163    261    673    853    670    780    835    177    741    525    774
   498   1007    255    161    760    407    944    521      0    249    747    183    346    230    376    665    253    495    420     92    250    837    944   1057   1114     42    272    459    958    808    738    120    211    888    976    581    453    325    980    997    884   1006   1073    880    749    339    473    773    264    334    645    731    423    372   1051    347    569    740    536    505    780    431    351    487    674    656    349    683    495    349    628    295    327     80    229    652    514     98    366    725    706    212    670    771    204    335    353    758    975    604    577    258    545    527    520   1013    347    595    392    872
   547    759    129    225    608    157    774    544    249      0    563    339    322    369    419    419    280    582    292    159    309    696    694    902    951    210    120    262    725    710    489    226     41    717    737    395    272    310    768    816    736    843    909    643    508    217    251    698    293    215    599    508    180    307    851    205    352    502    305    543    615    518    390    350    595    408    364    672    495    385    669    334    229    175    285    409    295    156    118    632    593    301    630    523    328    378    467    510    731    558    479    147    334    278    287    798    382    345    160    644
   588    641    494    607    118    477    214    538    747    563      0    695    468    682    555    353    842    674    780    684    582    195    555    350    392    724    663    671    337    311    465    645    579    157    389    169    704    862    262    254    209    286    350    313    304    738    323    366    547    738    402    178    420    839    308    716    230    623    594    567     80    648    548    272    324    491    514    508    486    943    620    894    762    703    581    556    632    656    478    295    231    617    427    517    657    554    675    525    698    394    277    698    670    422    582    301    543    447    412    250
   325   1073    266    119    680    479    870    355    183    339    695      0    234     47    214    705    435    313    580    233    116    745   1000    967   1029    209    412    591    958    688    800    114    299    817    986    545    593    504    948    930    794    924    989    889    771    496    487    641    148    491    504    723    473    545   1002    498    565    837    644    334    710    250    196    423    549    730    210    523    341    532    453    478    490    234    114    742    633    204    433    606    601     78    524    841     40    182    170    831   1058    466    473    410    670    587    626    984    195    662    430    866
   232    928    193    185    446    395    636    223    346    322    468    234      0    216    120    550    546    287    613    329    118    511    847    734    794    344    437    574    756    465    663    226    300    584    791    333    590    600    726    697    560    690    755    695    595    535    329    427     88    532    302    523    362    616    773    526    378    743    582    225    478    232     97    199    328    615     59    357    174    655    349    599    543    343    126    646    589    290    353    381    369    158    329    713    195     96    222    707    934    261    240    455    633    468    564    764     90    543    314    662
   279   1088    282    144    660    502    850    313    230    369    682     47    216      0    175    716    481    265    621    275    102    721   1013    943   1005    255    449    626    958    657    816    150    330    799    988    539    630    550    939    912    771    902    967    891    778    536    495    606    137    532    468    722    491    589    988    537    567    862    672    290    693    203    161    411    517    750    181    481    303    579    407    524    532    278    110    766    664    244    455    575    575     77    486    859     41    148    123    850   1077    431    448    450    703    605    654    976    161    680    446    864
   130   1047    296    230    513    510    700    145    376    419    555    214    120    175      0    669    607    169    705    388    129    563    965    782    846    387    527    678    861    486    783    263    391    653    899    438    691    669    817    766    614    747    809    805    710    623    448    432    130    619    293    631    479    695    853    617    493    861    696    132    551    112     30    301    346    734     61    310    127    713    259    657    626    398    153    765    699    349    466    406    414    163    310    832    179     43    120    826   1054    257    295    539    742    587    677    856     37    662    431    766
   759    378    440    587    463    266    540    726    665    419    353    705    550    716    669      0    648    830    511    577    622    548    298    679    705    628    463    385    327    646    125    609    455    492    326    285    420    639    424    549    561    611    666    241    103    500    223    682    589    503    663    188    242    594    531    475    191    270    278    744    433    780    647    394    607    140    609    769    665    726    840    691    530    594    607    207    325    568    301    604    539    639    695    179    678    644    768    181    393    636    506    500    352    148    274    442    640    117    278    268
   736    924    382    377    888    390   1054    750    253    280    842    435    546    481    607    648      0    742    218    220    479    975    878   1182   1231    226    187    315    972    979    679    346    272    997    974    675    291     74   1035   1095   1015   1123   1189    887    748    166    524    958    482    161    846    772    437    136   1124    188    624    625    426    739    895    677    579    625    856    586    568    901    714    110    866     54    137    210    454    556    387    259    372    899    865    448    874    696    450    565    603    679    867    804    744    150    399    500    416   1062    574    546    432    899
    87   1207    463    375    608    679    785    142    495    582    674    313    287    265    169    830    742      0    861    528    276    637   1124    843    909    516    684    843    998    528    947    399    551    745   1040    582    854    809    933    854    688    820    877    948    864    778    612    457    290    774    324    775    648    842    953    775    648   1030    864    109    654     66    197    447    401    901    230    280    189    843    161    788    779    535    302    933    867    492    635    460    490    297    324    997    292    206    143    992   1218    305    398    692    910    755    846    973    204    829    600    903
   834    730    421    488    852    305    993    835    420    292    780    580    613    621    705    511    218    861      0    348    585    944    694   1130   1170    382    178    128    836    980    510    471    315    937    828    627     94    165    929   1022    976   1066   1128    750    614     84    462    978    575     89    887    670    363     98   1029     88    550    424    246    832    846    795    675    622    877    416    653    963    787    242    959    232     94    349    560    371    199    377    314    908    861    567    919    514    583    662    734    497    663    847    758    171    196    376    243    950    668    396    383    778
   517    915    192    158    709    316    888    530     92    159    684    233    329    275    388    577    220    528    348      0    259    791    852   1007   1061     52    186    372    877    777    647    129    122    831    892    516    369    282    908    937    835    953   1019    797    664    264    394    750    262    259    631    653    336    315    984    267    492    648    444    519    724    462    359    437    648    563    348    682    495    328    647    271    257     19    235    559    424     40    276    695    669    232    659    679    240    345    393    666    883    589    543    178    456    436    428    940    354    503    309    793
   257    997    201    102    564    424    754    273    250    309    582    116    118    102    129    622    479    276    585    259      0    629    920    852    913    259    408    571    856    577    726    135    276    701    887    437    580    541    837    815    679    808    873    790    680    502    399    533     35    498    400    621    405    569    888    498    467    783    603    260    595    211    102    310    438    665    101    433    245    585    387    528    503    269     25    686    600    221    378    493    486     42    422    771     77     87    159    763    991    360    357    416    641    518    584    874     97    594    358    763
   551    824    601    682     92    640    151    495    837    696    195    745    511    721    563    548    975    637    944    791    629      0    739    223    284    823    807    844    486    147    661    723    703    126    543    318    875   1005    353    221     51    185    247    485    497    892    483    222    599    891    319    372    581    991    333    872    406    818    777    529    115    630    566    354    237    685    540    406    458   1081    540   1029    913    809    636    749    812    757    631    181    150    669    331    713    705    576    679    720    888    332    272    840    853    604    764    389    563    637    562    414
  1050     87    734    881    673    537    672   1014    944    694    555   1000    847   1013    965    298    878   1124    694    852    920    739      0    796    797    904    708    570    300    866    206    900    734    642    250    556    601    849    468    649    733    731    766    260    268    714    522    918    888    718    928    385    528    790    575    691    476    283    453   1034    629   1077    945    681    861    294    907   1036    953    933   1122    911    744    868    905    324    497    849    579    844    778    936    958    182    974    942   1066    199    162    907    776    741    499    418    461    460    937    349    570    333
   759    872    816    904    298    826    140    703   1057    902    350    967    734    943    782    679   1182    843   1130   1007    852    223    796      0     66   1041   1008   1021    502    317    773    945    913    193    559    509   1054   1207    334    147    174     68     46    538    603   1086    671    394    821   1086    519    492    769   1187    247   1064    580    939    939    737    288    843    787    571    444    819    762    587    672   1286    728   1235   1109   1025    859    886    979    975    825    384    369    892    523    818    928    798    897    830    955    541    495   1042   1016    769    928    354    784    786    757    467
   824    870    870    962    354    868    178    769   1114    951    392   1029    794   1005    846    705   1231    909   1170   1061    913    284    797     66      0   1097   1054   1058    499    383    791   1003    964    235    554    557   1092   1253    329    157    234    109     42    544    622   1130    715    460    882   1130    585    519    811   1231    229   1107    621    959    971    803    337    908    850    627    510    844    824    653    737   1333    794   1284   1153   1079    919    911   1013   1029    870    450    433    953    589    834    989    860    962    847    958    606    557   1089   1048    804    962    343    847    815    803    476
   513    967    230    161    744    368    925    532     42    210    724    209    344    255    387    628    226    516    382     52    259    823    904   1041   1097      0    230    417    926    801    698    124    173    868    942    557    411    295    953    976    869    988   1055    846    714    299    441    770    268    294    646    700    387    338   1026    306    539    698    494    518    761    451    360    470    669    615    355    690    501    328    644    272    289     38    236    610    471     68    328    719    696    225    672    731    224    345    376    717    934    604    568    217    503    488    478    985    356    555    358    841
   656    762    247    312    718    203    876    658    272    120    663    412    437    449    527    463    187    684    178    186    408    807    708   1008   1054    230      0    186    785    827    505    299    137    819    789    498    183    199    848    914    845    946   1012    700    562     98    341    817    397     95    719    585    251    188    939     90    440    478    271    654    720    618    497    467    715    414    475    790    611    281    782    236    109    193    382    396    244    208    187    751    710    392    750    528    411    484    559    513    718    678    598     37    273    315    257    875    490    366    251    712
   804    612    382    483    752    209    882    796    459    262    671    591    574    626    678    385    315    843    128    372    571    844    570   1021   1058    417    186      0    709    895    382    477    297    827    700    527     35    279    805    907    873    955   1016    623    487    149    363    900    554    153    823    549    267    220    908    128    442    310    118    798    741    779    649    544    802    288    621    908    743    363    922    342    177    380    546    247     74    391    234    827    775    562    856    390    586    638    728    372    553    785    683    205     88    256    115    825    642    269    298    653
   914    372    711    851    443    583    389    867    958    725    337    958    756    958    861    327    972    998    836    877    856    486    300    502    499    926    785    709      0    628    350    881    756    371     59    424    744    966    170    355    468    441    470     86    225    827    485    693    821    829    739    235    545    920    275    802    395    509    596    894    392    964    848    560    661    432    811    845    811   1052    956   1016    856    895    848    494    644    860    610    628    566    884    764    377    925    850    977    394    462    730    607    822    665    472    595    160    842    440    568     95
   445    953    597    648    193    686    291    390    808    710    311    688    465    657    486    646    979    528    980    777    577    147    866    317    383    801    827    895    628      0    766    690    708    273    684    379    923   1019    500    361    185    304    354    619    612    919    534     79    551    918    205    486    628   1015    476    902    478    914    844    424    239    533    496    360    140    776    478    271    367   1088    411   1033    936    794    589    836    874    740    667     83    119    618    206    820    649    509    594    825   1009    232    235    856    916    674    829    537    496    720    599    551
   878    273    534    681    579    332    635    847    738    489    465    800    663    816    783    125    679    947    510    647    726    661    206    773    791    698    505    382    350    766      0    697    528    592    329    410    416    657    485    634    669    705    754    270    170    519    335    804    695    523    788    290    327    602    596    495    315    168    264    864    545    895    760    517    732     95    723    893    786    743    963    716    549    662    709    146    311    644    374    727    662    739    820     55    776    756    877     59    272    761    631    539    324    214    268    493    752    143    370    323
   390    970    172     42    649    371    835    408    120    226    645    114    226    150    263    609    346    399    471    129    135    723    900    945   1003    124    299    477    881    690    697      0    186    780    905    484    480    410    888    891    771    896    962    807    683    387    399    653    145    382    526    649    372    444    952    387    486    726    531    395    673    333    236    378    554    624    232    566    378    450    521    394    383    136    112    632    519     94    326    606    589    103    551    737    112    221    265    726    950    485    460    300    556    483    513    923    232    557    332    791
   520    799    114    187    617    197    788    521    211     41    579    299    300    330    391    455    272    551    315    122    276    703    734    913    964    173    137    297    756    708    528    186      0    731    770    410    304    312    792    833    744    855    922    675    542    235    276    691    262    232    586    535    214    318    873    227    376    543    345    517    627    486    361    352    589    448    338    654    474    380    644    327    243    140    251    450    334    116    155    629    593    265    617    563    290    349    431    551    772    545    475    156    372    316    328    823    354    385    188    673
   657    725    639    741    140    634     57    603    888    717    157    817    584    799    653    492    997    745    937    831    701    126    642    193    235    868    819    827    371    273    592    780    731      0    430    322    861   1018    228    114     97    128    193    383    423    895    480    348    669    895    435    305    577    996    211    873    387    756    746    636    108    731    651    402    352    631    621    528    560   1098    659   1049    919    849    705    698    786    801    635    301    256    740    451    640    778    660    772    650    797    443    358    854    823    576    735    264    648    595    568    310
   958    317    733    876    497    590    447    912    976    737    389    986    791    988    899    326    974   1040    828    892    887    543    250    559    554    942    789    700     59    684    329    905    770    430      0    461    735    964    226    413    526    499    526     98    229    825    506    748    853    827    790    269    557    915    328    800    422    479    585    938    447   1004    885    598    713    417    847    896    855   1051   1004   1017    854    910    878    475    632    878    621    682    619    913    816    348    954    886   1013    365    411    779    654    826    650    474    585    212    878    434    584    140
   502    642    327    449    226    322    379    461    581    395    169    545    333    539    438    285    675    582    627    516    437    318    556    509    557    557    498    527    424    379    410    484    410    322    461      0    558    697    404    422    350    449    514    367    289    578    165    403    402    577    378    194    264    678    469    557    100    543    466    484    222    543    424    137    323    403    387    485    401    777    566    728    600    535    432    460    499    489    316    326    264    468    410    464    509    426    553    466    673    354    222    533    540    296    452    440    418    343    248    329
   818    640    397    489    783    238    916    813    453    272    704    593    590    630    691    420    291    854     94    369    580    875    601   1054   1092    411    183     35    744    923    416    480    304    861    735    558      0    250    841    941    905    989   1050    658    523    128    393    926    565    133    846    584    296    189    943    110    475    336    152    813    774    789    662    570    828    322    635    929    761    332    938    315    154    375    555    278    105    391    258    854    803    568    879    421    590    650    735    403    577    807    708    195    109    291    150    861    654    304    325    688
   798    890    425    439    916    394   1075    810    325    310    862    504    600    550    669    639     74    809    165    282    541   1005    849   1207   1253    295    199    279    966   1019    657    410    312   1018    964    697    250      0   1040   1112   1043   1146   1211    880    741    139    540   1003    541    137    896    777    446     70   1134    164    638    586    396    801    919    744    640    660    901    562    627    957    771     87    928     68    110    275    516    526    353    320    385    940    903    513    925    668    518    626    671    651    827    854    786    165    358    494    389   1066    635    531    450    898
   846    541    725    852    335    647    231    795    980    768    262    948    726    939    817    424   1035    933    929    908    837    353    468    334    329    953    848    805    170    500    485    888    792    228    226    404    841   1040      0    188    323    275    300    221    327    906    517    572    802    907    644    263    598   1004    112    881    416    651    703    825    285    909    809    528    561    553    774    743    745   1126    867   1084    933    926    834    619    748    884    663    518    463    870    664    522    911    814    936    536    629    643    535    885    777    553    697     40    804    542    608    162
   767    725    746    852    254    722     71    713    997    816    254    930    697    912    766    549   1095    854   1022    937    815    221    649    147    157    976    914    907    355    361    634    891    833    114    413    422    941   1112    188      0    176     88    120    392    465    985    573    439    782    986    540    363    667   1086    120    962    475    801    817    745    220    843    765    513    457    687    735    627    671   1194    762   1147   1010    955    817    755    860    908    728    403    364    853    552    678    891    773    885    690    809    550    471    950    894    651    808    212    761    660    663    322
   601    817    645    730    128    672    106    546    884    736    209    794    560    771    614    561   1015    688    976    835    679     51    733    174    234    869    845    873    468    185    669    771    744     97    526    350    905   1043    323    176      0    133    196    476    502    927    515    263    648    927    368    379    613   1027    291    906    432    830    801    579    133    681    617    399    287    700    590    451    509   1120    587   1069    949    853    685    766    838    802    666    230    201    719    378    720    755    627    731    728    886    382    323    878    877    628    789    358    614    656    597    403
   734    810    761    855    246    762     73    678   1006    843    286    924    690    902    747    611   1123    820   1066    953    808    185    731     68    109    988    946    955    441    304    705    896    855    128    499    449    989   1146    275     88    133      0     67    473    535   1023    608    383    777   1023    498    424    705   1124    202   1001    516    871    872    712    229    814    749    519    419    751    722    575    643   1225    714   1176   1047    971    814    818    912    921    763    360    334    848    506    751    885    759    864    762    891    515    454    981    948    702    861    300    746    718    696    401
   791    841    828    921    313    826    136    736   1073    909    350    989    755    967    809    666   1189    877   1128   1019    873    247    766     46     42   1055   1012   1016    470    354    754    962    922    193    526    514   1050   1211    300    120    196     67      0    511    585   1087    672    432    842   1087    554    479    769   1188    207   1065    579    921    930    769    295    874    812    585    476    805    786    625    702   1291    766   1242   1111   1038    879    872    972    988    827    417    396    913    559    798    950    823    926    810    927    573    518   1046   1007    762    921    318    810    775    761    442
   867    341    636    779    428    499    412    823    880    643    313    889    695    891    805    241    887    948    750    797    790    485    260    538    544    846    700    623     86    619    270    807    675    383     98    367    658    880    221    392    476    473    511      0    139    741    409    678    755    743    708    174    463    834    333    716    324    433    511    848    380    910    789    504    634    349    752    816    765    966    919    931    770    815    781    412    559    782    528    608    543    816    736    302    857    791    917    318    418    695    567    737    581    387    509    225    783    354    488     73
   787    354    512    658    421    361    465    748    749    508    304    771    595    778    710    103    748    864    614    664    680    497    268    603    622    714    562    487    225    612    170    683    542    423    229    289    523    741    327    465    502    535    585    139      0    603    285    658    646    605    660    126    328    697    435    578    217    337    379    770    383    819    691    417    596    227    653    769    688    828    855    792    631    682    668    294    426    651    391    582    516    701    691    218    742    691    817    228    397    640    508    598    452    248    376    341    684    219    357    167
   753    759    345    404    801    263    952    755    339    217    738    496    535    536    623    500    166    778     84    264    502    892    714   1086   1130    299     98    149    827    919    519    387    235    895    825    578    128    139    906    985    927   1023   1087    741    603      0    415    912    493      5    816    643    318    101   1001     25    510    459    262    751    799    712    593    559    810    425    572    888    709    226    879    197     30    266    477    392    221    293    261    844    801    483    847    533    499    580    650    516    702    775    692     87    235    356    253    930    587    392    330    761
   546    601    227    372    391    157    537    519    473    251    323    487    329    495    448    223    524    612    462    394    399    483    522    671    715    441    341    363    485    534    335    399    276    480    506    165    393    540    517    573    515    608    672    409    285    415      0    546    366    415    490    259     99    516    601    393    101    429    313    533    385    560    425    202    454    293    388    589    458    622    639    575    439    412    385    336    340    375    155    470    415    418    524    385    458    422    545    380    606    457    337    377    384    155    297    548    418    222     92    399
   377   1005    578    612    251    691    369    323    773    698    366    641    427    606    432    682    958    457    978    750    533    222    918    394    460    770    817    900    693     79    804    653    691    348    748    403    926   1003    572    439    263    383    432    678    658    912    546      0    511    910    140    535    636   1005    554    896    504    945    859    356    301    468    445    357    103    806    432    193    307   1068    334   1013    927    766    548    863    886    712    668     78    143    574    134    859    602    459    534    862   1055    175    220    844    929    694    843    610    446    746    602    612
   260    965    177    107    532    398    722    269    264    293    547    148     88    137    130    589    482    290    575    262     35    599    888    821    882    268    397    554    821    551    695    145    262    669    853    402    565    541    802    782    648    777    842    755    646    493    366    511      0    490    381    586    377    565    854    488    432    757    580    260    562    225    100    275    414    636     87    422    234    589    388    533    497    273     38    660    580    222    353    468    458     71    405    741    110     87    185    733    962    340    328    409    622    489    561    839     94    565    329    728
   749    763    342    400    800    264    952    752    334    215    738    491    532    532    619    503    161    774     89    259    498    891    718   1086   1130    294     95    153    829    918    523    382    232    895    827    577    133    137    907    986    927   1023   1087    743    605      5    415    910    490      0    813    644    319    101   1002     28    510    464    265    748    799    708    590    557    808    428    569    885    706    223    875    193     27    261    473    396    225    288    261    842    799    479    845    536    495    577    646    520    706    772    690     83    240    358    257    931    583    394    330    763
   240   1015    473    486    308    619    469    185    645    599    402    504    302    468    293    663    846    324    887    631    400    319    928    519    585    646    719    823    739    205    788    526    586    435    790    378    846    896    644    540    368    498    554    708    660    816    490    140    381    813      0    546    568    904    646    802    474    912    799    219    358    329    308    288     83    772    298    108    167    955    224    899    828    645    417    823    819    592    589    138    181    441     34    842    466    322    393    843   1051     42    157    742    864    645    781    683    309    706    528    650
   694    472    480    617    295    383    352    651    731    508    178    723    523    722    631    188    772    775    670    653    621    372    385    492    519    700    585    549    235    486    290    649    535    305    269    194    584    777    263    363    379    424    479    174    126    643    259    535    586    644    546      0    335    742    359    619    163    452    455    675    257    736    616    330    477    327    579    655    592    862    750    820    670    672    613    395    498    634    400    460    394    649    576    341    690    618    745    349    522    529    399    622    531    294    447    291    610    297    348    143
   591    600    209    354    489     59    633    572    423    180    420    473    362    491    479    242    437    648    363    336    405    581    528    769    811    387    251    267    545    628    327    372    214    577    557    264    296    446    598    667    613    705    769    463    328    318     99    636    377    319    568    335      0    419    688    296    192    382    231    581    484    590    453    282    540    260    419    661    513    530    696    486    343    354    386    285    251    326     65    561    509    415    602    368    451    447    561    359    587    532    421    287    296    114    214    626    445    189     48    467
   825    827    431    468    901    364   1053    832    372    307    839    545    616    589    695    594    136    842     98    315    569    991    790   1187   1231    338    188    220    920   1015    602    444    318    996    915    678    189     70   1004   1086   1027   1124   1188    834    697    101    516   1005    565    101    904    742    419      0   1101    124    611    522    339    825    900    776    665    655    903    508    648    972    789    144    953    138     79    311    544    466    293    350    362    939    898    545    935    610    555    652    708    592    761    863    786    162    294    453    334   1027    659    482    430    858
   866    645    796    915    345    739    186    812   1051    851    308   1002    773    988    853    531   1124    953   1029    984    888    333    575    247    229   1026    939    908    275    476    596    952    873    211    328    469    943   1134    112    120    291    202    207    333    435   1001    601    554    854   1002    646    359    688   1101      0    977    500    762    808    844    302    937    849    580    563    662    816    738    767   1218    870   1174   1028   1002    888    729    853    958    752    512    467    924    661    633    964    856    973    648    737    653    561    975    883    653    802    116    844    647    693    272
   747    736    334    402    781    240    930    747    347    205    716    498    526    537    617    475    188    775     88    267    498    872    691   1064   1107    306     90    128    802    902    495    387    227    873    800    557    110    164    881    962    906   1001   1065    716    578     25    393    896    488     28    802    619    296    124    977      0    487    438    238    744    778    709    587    542    795    400    565    877    700    251    871    221     55    271    473    368    199    294    240    827    783    481    834    509    499    575    648    492    680    762    676     89    215    331    229    905    581    366    309    737
   574    560    317    456    314    247    443    538    569    352    230    565    378    567    493    191    624    648    550    492    467    406    476    580    621    539    440    442    395    478    315    486    376    387    422    100    475    638    416    475    432    516    579    324    217    510    101    504    432    510    474    163    192    611    500    487      0    443    371    558    300    603    475    205    422    303    437    579    477    721    650    675    535    511    457    360    407    471    253    426    364    492    506    369    533    474    600    369    583    446    317    476    447    199    358    447    467    242    193    305
   970    307    583    719    733    360    801    946    740    502    623    837    743    862    861    270    625   1030    424    648    783    818    283    939    959    698    478    310    509    914    168    726    543    756    479    543    336    586    651    801    830    871    921    433    337    459    429    945    757    464    912    452    382    522    762    438    443      0    206    959    703    972    835    629    865    140    800   1014    887    666   1068    651    488    660    763     97    239    656    407    868    804    788    946    131    821    829    941    115    242    882    756    505    228    277    221    657    828    207    430    490
   814    498    403    528    686    188    799    799    536    305    594    644    582    672    696    278    426    864    246    444    603    777    453    939    971    494    271    118    596    844    264    531    345    746    585    466    152    396    703    817    801    872    930    511    379    262    313    859    580    265    799    455    231    339    808    238    371    206      0    806    668    803    668    511    767    170    636    892    742    481    924    458    291    456    580    130     48    455    229    783    726    602    832    272    631    659    762    255    447    763    649    299     77    173     19    720    660    161    275    546
    22   1118    416    362    499    618    676     34    505    543    567    334    225    290    132    744    739    109    832    519    260    529   1034    737    803    518    654    798    894    424    864    395    517    636    938    484    813    801    825    745    579    712    769    848    770    751    533    356    260    748    219    675    581    825    844    744    558    959    806      0    545    113    160    353    293    826    179    197     83    845    128    788    756    529    284    863    814    481    577    353    381    293    223    916    303    174    188    912   1135    197    290    668    858    682    787    865    166    754    533    800
   566    715    533    633     51    542    163    513    780    615     80    710    478    693    551    433    895    654    846    724    595    115    629    288    337    761    720    741    392    239    545    673    627    108    447    222    774    919    285    220    133    229    295    380    383    799    385    301    562    799    358    257    484    900    302    778    300    703    668    545      0    635    548    294    276    570    517    460    466    998    582    948    822    743    598    635    706    694    538    237    178    633    379    597    671    556    671    605    775    358    259    754    745    496    656    325    544    525    470    312
    94   1158    401    309    592    618    775    145    431    518    648    250    232    203    112    780    677     66    795    462    211    630   1077    843    908    451    618    779    964    533    895    333    486    731   1004    543    789    744    909    843    681    814    874    910    819    712    560    468    225    708    329    736    590    776    937    709    603    972    803    113    635      0    137    406    399    846    173    307    172    779    208    723    713    469    236    875    804    426    574    459    481    231    335    944    227    144     84    938   1165    303    376    626    847    699    784    948    145    774    542    869
   160   1025    268    202    511    482    700    172    351    390    548    196     97    161     30    647    579    197    675    359    102    566    945    787    850    360    497    649    848    496    760    236    361    651    885    424    662    640    809    765    617    749    812    789    691    593    425    445    100    590    308    616    453    665    849    587    475    835    668    160    548    137      0    288    356    709     38    333    146    686    288    629    597    370    125    739    671    321    439    415    418    139    328    809    159     15    129    803   1030    271    295    509    714    562    649    847      8    637    405    753
   370    765    247    339    273    336    457    333    487    350    272    423    199    411    301    394    625    447    622    437    310    354    681    571    627    470    467    544    560    360    517    378    352    402    598    137    570    660    528    513    399    519    585    504    417    559    202    357    275    557    288    330    282    655    580    542    205    629    511    353    294    406    288      0    259    490    251    386    272    732    447    679    576    455    309    537    534    404    312    286    243    345    322    570    385    291    417    568    787    254    139    497    578    358    494    565    282    422    246    465
   315    948    476    513    226    595    387    260    674    595    324    549    328    517    346    607    856    401    877    648    438    237    861    444    510    669    715    802    661    140    732    554    589    352    713    323    828    901    561    457    287    419    476    634    596    810    454    103    414    808     83    477    540    903    563    795    422    865    767    293    276    399    356    259      0    725    339    184    229    966    307    910    825    664    451    779    791    610    570     61     98    479    103    786    509    369    456    788    990     96    120    742    835    605    750    600    355    661    504    573
   838    352    468    611    598    253    679    812    656    408    491    730    615    750    734    140    586    901    416    563    665    685    294    819    844    615    414    288    432    776     95    624    448    631    417    403    322    562    553    687    700    751    805    349    227    425    293    806    636    428    772    327    260    508    662    400    303    140    170    826    570    846    709    490    725      0    673    875    752    648    932    622    455    578    646     68    217    564    298    728    665    674    806    116    710    704    821    102    327    742    616    447    234    147    174    566    701     72    307    392
   183    988    239    194    482    450    671    184    349    364    514    210     59    181     61    609    568    230    653    348    101    540    907    762    824    355    475    621    811    478    723    232    338    621    847    387    635    627    774    735    590    722    786    752    653    572    388    432     87    569    298    579    419    648    816    565    437    800    636    179    517    173     38    251    339    673      0    335    147    676    306    619    577    360    120    704    641    309    407    396    394    143    321    772    171     40    166    766    993    259    268    489    684    526    617    813     31    601    370    716
   213   1123    543    529    409    709    556    169    683    672    508    523    357    481    310    769    901    280    963    682    433    406   1036    587    653    690    790    908    845    271    893    566    654    528    896    485    929    957    743    627    451    575    625    816    769    888    589    193    422    885    108    655    661    972    738    877    579   1014    892    197    460    307    333    386    184    875    335      0    189   1010    141    953    897    695    454    924    910    643    676    227    282    471     81    948    489    348    385    948   1159    133    263    810    954    744    874    782    336    808    618    757
   103   1038    366    340    422    555    603     61    495    495    486    341    174    303    127    665    714    189    787    495    245    458    953    672    737    501    611    743    811    367    786    378    474    560    855    401    761    771    745    671    509    643    702    765    688    709    458    307    234    706    167    592    513    789    767    700    477    887    742     83    466    172    146    272    229    752    147    189      0    822    183    765    716    507    266    792    753    455    516    290    309    284    183    839    305    161    228    836   1058    135    209    628    797    610    723    784    149    681    467    717
   841    972    491    484    993    479   1156    857    349    385    943    532    655    579    713    726    110    843    242    328    585   1081    933   1286   1333    328    281    363   1052   1088    743    450    380   1098   1051    777    332     87   1126   1194   1120   1225   1291    966    828    226    622   1068    589    223    955    862    530    144   1218    251    721    666    481    845    998    779    686    732    966    648    676   1010    822      0    971     57    196    316    561    609    436    367    467   1008    974    553    984    752    551    671    702    735    905    913    854    245    438    581    475   1151    681    617    531    985
   131   1208    542    489    532    737    691    126    628    669    620    453    349    407    259    840    866    161    959    647    387    540   1122    728    794    644    782    922    956    411    963    521    644    659   1004    566    938    928    867    762    587    714    766    919    855    879    639    334    388    875    224    750    696    953    870    871    650   1068    924    128    582    208    288    447    307    932    306    141    183    971      0    915    884    656    412    974    934    608    698    359    405    419    209   1016    425    302    292   1014   1233    226    351    796    979    792    905    906    294    862    649    864
   784    954    436    427    941    438   1107    801    295    334    894    478    599    524    657    691     54    788    232    271    528   1029    911   1235   1284    272    236    342   1016   1033    716    394    327   1049   1017    728    315     68   1084   1147   1069   1176   1242    931    792    197    575   1013    533    193    899    820    486    138   1174    221    675    651    458    788    948    723    629    679    910    622    619    953    765     57    915      0    167    259    504    588    416    310    422    953    920    496    927    729    496    614    647    712    892    857    799    199    423    544    450   1110    624    586    484    946
   757    788    355    403    822    289    976    761    327    229    762    490    543    532    626    530    137    779     94    257    503    913    744   1109   1153    289    109    177    856    936    549    383    243    919    854    600    154    110    933   1010    949   1047   1111    770    631     30    439    927    497     27    828    670    343     79   1028     55    535    488    291    756    822    713    597    576    825    455    577    897    716    196    884    167      0    257    478    421    250    289    284    860    818    482    859    562    496    584    648    545    730    786    707     88    262    385    283    958    590    421    352    790
   526    930    210    168    727    332    906    541     80    175    703    234    343    278    398    594    210    535    349     19    269    809    868   1025   1079     38    193    380    895    794    662    136    140    849    910    535    375    275    926    955    853    971   1038    815    682    266    412    766    273    261    645    672    354    311   1002    271    511    660    456    529    743    469    370    455    664    578    360    695    507    316    656    259    257      0    245    572    434     54    293    712    686    239    673    693    244    355    398    680    896    604    559    182    465    453    440    958    365    519    327    811
   282    980    180     77    569    403    758    297    229    285    581    114    126    110    153    607    454    302    560    235     25    636    905    859    919    236    382    546    848    589    709    112    251    705    878    432    555    516    834    817    685    814    879    781    668    477    385    548     38    473    417    613    386    544    888    473    457    763    580    284    598    236    125    309    451    646    120    454    266    561    412    504    478    245      0    666    577    196    356    506    495     36    441    754     77    110    183    745    973    377    366    391    618    500    562    871    120    576    340    755
   874    368    486    624    661    264    747    851    652    409    556    742    646    766    765    207    556    933    371    559    686    749    324    886    911    610    396    247    494    836    146    632    450    698    475    460    278    526    619    755    766    818    872    412    294    392    336    863    660    396    823    395    285    466    729    368    360     97    130    863    635    875    739    537    779     68    704    924    792    609    974    588    421    572    666      0    173    564    310    786    724    692    857    143    725    732    844    126    324    791    668    426    179    182    140    631    731    118    334    458
   821    538    404    520    721    200    839    809    514    295    632    633    589    664    699    325    387    867    199    424    600    812    497    979   1013    471    244     74    644    874    311    519    334    786    632    499    105    353    748    860    838    912    972    559    426    221    340    886    580    225    819    498    251    293    853    199    407    239     48    814    706    804    671    534    791    217    641    910    753    436    934    416    250    434    577    173      0    438    237    810    755    596    853    316    623    661    759    299    481    782    672    268     45    210     52    767    663    207    291    593
   478    915    162    119    677    312    857    491     98    156    656    204    290    244    349    568    259    492    377     40    221    757    849    975   1029     68    208    391    860    740    644     94    116    801    878    489    391    320    884    908    802    921    988    782    651    293    375    712    222    288    592    634    326    350    958    294    471    656    455    481    694    426    321    404    610    564    309    643    455    367    608    310    289     54    196    564    438      0    270    658    633    195    619    679    207    306    359    666    887    550    506    206    473    431    437    917    315    501    294    774
   586    646    177    314    540     46    692    572    366    118    478    433    353    455    466    301    372    635    314    276    378    631    579    825    870    328    187    234    610    667    374    326    155    635    621    316    258    385    663    728    666    763    827    528    391    261    155    668    353    261    589    400     65    362    752    240    253    407    229    577    538    574    439    312    570    298    407    676    516    467    698    422    284    293    356    310    237    270      0    597    548    381    622    412    415    430    537    400    625    551    450    223    281    161    210    691    431    232     69    532
   375    931    517    565    186    618    332    319    725    632    295    606    381    575    406    604    899    460    908    695    493    181    844    384    450    719    751    827    628     83    727    606    629    301    682    326    854    940    518    403    230    360    417    608    582    844    470     78    468    842    138    460    561    939    512    827    426    868    783    353    237    459    415    286     61    728    396    227    290   1008    359    953    860    712    506    786    810    658    597      0     66    535    150    782    566    427    517    785    979    157    154    779    854    617    767    556    414    668    529    544
   403    865    484    548    127    566    295    348    706    593    231    601    369    575    414    539    865    490    861    669    486    150    778    369    433    696    710    775    566    119    662    589    593    256    619    264    803    903    463    364    201    334    396    543    516    801    415    143    458    799    181    394    509    898    467    783    364    804    726    381    178    481    418    243     98    665    394    282    309    974    405    920    818    686    495    724    755    633    548     66      0    527    201    716    561    429    530    720    913    187    130    740    798    558    711    502    415    606    480    480
   288   1011    206     79    603    428    792    309    212    301    617     78    158     77    163    639    448    297    567    232     42    669    936    892    953    225    392    562    884    618    739    103    265    740    913    468    568    513    870    853    719    848    913    816    701    483    418    574     71    479    441    649    415    545    924    481    492    788    602    293    633    231    139    345    479    674    143    471    284    553    419    496    482    239     36    692    596    195    381    535    527      0    463    783     41    123    167    774   1001    401    398    397    636    528    583    907    136    604    369    791
   244   1045    504    511    329    653    482    191    670    630    427    524    329    486    310    695    874    324    919    659    422    331    958    523    589    672    750    856    764    206    820    551    617    451    816    410    879    925    664    552    378    506    559    736    691    847    524    134    405    845     34    576    602    935    661    834    506    946    832    223    379    335    328    322    103    806    321     81    183    984    209    927    859    673    441    857    853    619    622    150    201    463      0    874    487    343    405    875   1083     72    190    773    897    679    815    703    329    740    561    676
   930    236    577    722    632    367    682    900    771    523    517    841    713    859    832    179    696    997    514    679    771    713    182    818    834    731    528    390    377    820     55    737    563    640    348    464    421    668    522    678    720    751    798    302    218    533    385    859    741    536    842    341    368    610    633    509    369    131    272    916    597    944    809    570    786    116    772    948    839    752   1016    729    562    693    754    143    316    679    412    782    716    783    874      0    819    804    924     18    221    815    685    560    322    255    280    527    801    180    414    362
   295   1049    242    103    641    461    830    322    204    328    657     40    195     41    179    678    450    292    583    240     77    705    974    928    989    224    411    586    925    649    776    112    290    778    954    509    590    518    911    891    755    885    950    857    742    499    458    602    110    495    466    690    451    555    964    499    533    821    631    303    671    227    159    385    509    710    171    489    305    551    425    496    496    244     77    725    623    207    415    566    561     41    487    819      0    144    153    810   1037    428    433    412    662    565    613    948    157    640    406    832
   173   1022    258    187    520    474    709    187    335    378    554    182     96    148     43    644    565    206    662    345     87    576    942    798    860    345    484    638    850    509    756    221    349    660    886    426    650    626    814    773    627    759    823    791    691    580    422    459     87    577    322    618    447    652    856    575    474    829    659    174    556    144     15    291    369    704     40    348    161    671    302    614    584    355    110    732    661    306    430    427    429    123    343    804    144      0    127    798   1026    284    305    496    704    557    640    853     14    632    398    756
   172   1145    360    247    632    582    819    217    353    467    675    170    222    123    120    768    603    143    734    393    159    679   1066    897    962    376    559    728    977    594    877    265    431    772   1013    553    735    671    936    885    731    864    926    917    817    650    545    534    185    646    393    745    561    708    973    648    600    941    762    188    671     84    129    417    456    821    166    385    228    702    292    647    648    398    183    844    759    359    537    517    530    167    405    924    153    127      0    917   1145    362    414    563    800    673    744    975    135    749    513    882
   926    250    568    712    639    355    693    896    758    510    525    831    707    850    826    181    679    992    497    666    763    720    199    830    847    717    513    372    394    825     59    726    551    650    365    466    403    651    536    690    728    762    810    318    228    516    380    862    733    520    843    349    359    592    648    492    369    115    255    912    605    938    803    568    788    102    766    948    836    735   1014    712    545    680    745    126    299    666    400    785    720    774    875     18    810    798    917      0    228    815    686    545    303    245    263    542    795    170    405    376
  1150    108    795    938    816    579    829   1118    975    731    698   1058    934   1077   1054    393    867   1218    663    883    991    888    162    955    958    934    718    553    462   1009    272    950    772    797    411    673    577    827    629    809    886    891    927    418    397    702    606   1055    962    706   1051    522    587    761    737    680    583    242    447   1135    775   1165   1030    787    990    327    993   1159   1058    905   1233    892    730    896    973    324    481    887    625    979    913   1001   1083    221   1037   1026   1145    228      0   1027    896    746    469    473    460    621   1022    397    633    490
   219    994    432    444    310    582    481    163    604    558    394    466    261    431    257    636    804    305    847    589    360    332    907    541    606    604    678    785    730    232    761    485    545    443    779    354    807    854    643    550    382    515    573    695    640    775    457    175    340    772     42    529    532    863    653    762    446    882    763    197    358    303    271    254     96    742    259    133    135    913    226    857    786    604    377    791    782    550    551    157    187    401     72    815    428    284    362    815   1027      0    132    701    827    612    745    683    271    675    491    639
   311    862    363    418    218    475    406    261    577    479    277    473    240    448    295    506    744    398    758    543    357    272    776    495    557    568    598    683    607    235    631    460    475    358    654    222    708    786    535    471    323    454    518    567    508    692    337    220    328    690    157    399    421    786    561    676    317    756    649    290    259    376    295    139    120    616    268    263    209    854    351    799    707    559    366    668    672    506    450    154    130    398    190    685    433    305    414    686    896    132      0    625    717    491    632    575    292    550    385    515
   669    793    269    318    751    240    911    673    258    147    698    410    455    450    539    500    150    692    171    178    416    840    741   1042   1089    217     37    205    822    856    539    300    156    854    826    533    195    165    885    950    878    981   1046    737    598     87    377    844    409     83    742    622    287    162    975     89    476    505    299    668    754    626    509    497    742    447    489    810    628    245    796    199     88    182    391    426    268    206    223    779    740    397    773    560    412    496    563    545    746    701    625      0    292    351    286    912    503    401    286    749
   865    533    446    559    761    245    876    853    545    334    670    670    633    703    742    352    399    910    196    456    641    853    499   1016   1048    503    273     88    665    916    324    556    372    823    650    540    109    358    777    894    877    948   1007    581    452    235    384    929    622    240    864    531    296    294    883    215    447    228     77    858    745    847    714    578    835    234    684    954    797    438    979    423    262    465    618    179     45    473    281    854    798    636    897    322    662    704    800    303    469    827    717    292      0    249     89    793    706    236    336    619
   694    487    322    467    513    121    629    670    527    278    422    587    468    605    587    148    500    755    376    436    518    604    418    769    804    488    315    256    472    674    214    483    316    576    474    296    291    494    553    651    628    702    762    387    248    356    155    694    489    358    645    294    114    453    653    331    199    277    173    682    496    699    562    358    605    147    526    744    610    581    792    544    385    453    500    182    210    431    161    617    558    528    679    255    565    557    673    245    473    612    491    351    249      0    160    575    554     76    160    405
   796    509    384    510    672    169    788    780    520    287    582    626    564    654    677    274    416    846    243    428    584    764    461    928    962    478    257    115    595    829    268    513    328    735    585    452    150    389    697    808    789    861    921    509    376    253    297    843    561    257    781    447    214    334    802    229    358    221     19    787    656    784    649    494    750    174    617    874    723    475    905    450    283    440    562    140     52    437    210    767    711    583    815    280    613    640    744    263    460    745    632    286     89    160      0    716    641    156    257    542
   886    529    759    888    374    673    262    835   1013    798    301    984    764    976    856    442   1062    973    950    940    874    389    460    354    343    985    875    825    160    537    493    923    823    264    212    440    861   1066     40    212    358    300    318    225    341    930    548    610    839    931    683    291    626   1027    116    905    447    657    720    865    325    948    847    565    600    566    813    782    784   1151    906   1110    958    958    871    631    767    917    691    556    502    907    703    527    948    853    975    542    621    683    575    912    793    575    716      0    842    559    638    174
   166   1018    260    197    508    475    697    177    347    382    543    195     90    161     37    640    574    204    668    354     97    563    937    784    847    356    490    642    842    496    752    232    354    648    878    418    654    635    804    761    614    746    810    783    684    587    418    446     94    583    309    610    445    659    844    581    467    828    660    166    544    145      8    282    355    701     31    336    149    681    294    624    590    365    120    731    663    315    431    414    415    136    329    801    157     14    135    795   1022    271    292    503    706    554    641    842      0    629    397    747
   766    414    398    542    548    188    645    741    595    345    447    662    543    680    662    117    546    829    396    503    594    637    349    786    815    555    366    269    440    720    143    557    385    595    434    343    304    531    542    660    656    718    775    354    219    392    222    746    565    394    706    297    189    482    647    366    242    207    161    754    525    774    637    422    661     72    601    808    681    617    862    586    421    519    576    118    207    501    232    668    606    604    740    180    640    632    749    170    397    675    550    401    236     76    156    559    629      0    236    385
   543    643    164    311    471     91    625    525    392    160    412    430    314    446    431    278    432    600    383    309    358    562    570    757    803    358    251    298    568    599    370    332    188    568    584    248    325    450    608    663    597    696    761    488    357    330     92    602    329    330    528    348     48    430    693    309    193    430    275    533    470    542    405    246    504    307    370    618    467    531    649    484    352    327    340    334    291    294     69    529    480    369    561    414    406    398    513    405    633    491    385    286    336    160    257    638    397    236      0    485
   820    414    622    760    361    509    339    774    872    644    250    866    662    864    766    268    899    903    778    793    763    414    333    467    476    841    712    653     95    551    323    791    673    310    140    329    688    898    162    322    403    401    442     73    167    761    399    612    728    763    650    143    467    858    272    737    305    490    546    800    312    869    753    465    573    392    716    757    717    985    864    946    790    811    755    458    593    774    532    544    480    791    676    362    832    756    882    376    490    639    515    749    619    405    542    174    747    385    485      0
