Time cost: 229 ms.
Min cost: 17927
1
17
14
23
65
79
81
99
97
205
208
102
213
212
105
89
83
86
84
75
67
78
100
91
70
58
66
61
59
33
46
40
43
172
174
47
49
54
52
71
72
96
93
95
180
178
175
118
119
127
182
184
186
129
124
131
191
136
215
218
225
198
193
192
187
210
202
195
204
253
254
255
256
245
267
248
239
222
247
243
274
279
288
280
291
296
311
313
298
294
300
302
303
314
316
317
265
262
260
242
276
271
281
249
235
237
230
147
148
144
142
145
170
141
167
166
164
156
155
154
107
109
110
115
117
112
121
125
219
227
319
323
305
307
309
286
284
287
536
533
534
268
232
530
529
531
538
527
525
521
520
512
504
505
502
490
480
161
158
488
484
409
411
416
494
500
499
495
487
492
496
519
543
546
472
474
475
557
552
547
542
465
470
462
460
517
468
452
446
444
439
440
384
382
430
426
420
337
351
350
353
354
357
339
342
428
429
432
424
419
398
404
408
412
436
437
443
387
449
454
453
479
476
549
554
540
559
561
523
507
146
151
217
152
482
402
328
330
334
338
362
364
366
367
371
374
376
377
378
396
395
392
455
456
386
390
369
360
333
345
331
325
327
405
347
343
8
20
18
16
13
28
26
31
30
41
36
5
4
3
39
10
15
24
63
64
82
101
73
206
209
207
103
214
211
104
88
87
85
74
77
76
80
92
90
69
68
62
60
34
45
32
44
42
173
48
50
55
51
53
56
57
94
98
181
179
177
176
122
123
126
183
185
128
130
132
188
135
134
216
221
226
199
194
190
189
200
196
197
203
201
258
224
241
246
266
236
240
223
244
275
278
272
289
290
292
277
312
297
293
299
301
304
321
315
318
310
263
261
257
264
273
270
269
250
234
238
229
228
506
143
137
169
171
140
139
163
162
157
153
106
108
111
114
116
113
120
165
133
220
259
320
322
306
308
295
285
283
282
535
251
252
231
233
532
528
537
539
526
522
510
514
513
511
503
501
489
160
159
481
483
485
410
414
415
497
515
498
493
486
491
516
518
544
550
473
551
556
555
548
545
464
471
466
461
459
463
467
447
445
442
441
383
381
433
425
422
335
336
349
352
355
358
356
341
380
427
434
431
423
418
403
406
407
413
417
438
385
388
451
469
458
477
478
553
541
558
560
524
508
509
150
138
149
168
401
399
329
332
421
340
363
365
368
370
372
373
375
379
397
394
393
450
457
448
389
391
361
359
346
344
324
326
400
435
348
9
6
7
19
21
29
27
25
22
35
37
12
11
38
2
