Time cost: 341 ms.
Min cost: 3711
1
465
232
230
214
666
223
216
227
229
219
222
213
210
197
192
190
187
180
178
176
172
182
184
186
162
160
505
159
158
501
496
500
502
494
491
493
460
520
461
525
512
514
516
523
518
458
456
453
446
415
412
406
409
369
368
418
374
377
379
382
384
424
421
419
347
335
336
350
360
358
357
272
361
263
262
257
376
363
365
353
341
343
345
339
352
270
277
279
280
283
329
331
326
320
318
301
299
298
305
303
288
286
265
267
254
253
246
243
252
147
146
143
239
240
242
248
264
290
292
294
296
302
250
236
140
168
170
175
132
130
133
136
85
82
81
83
89
91
94
96
98
100
102
103
126
114
112
110
116
107
117
120
122
124
129
138
72
70
68
64
60
57
54
29
27
26
23
22
6
8
10
11
31
33
40
36
34
37
44
13
15
46
48
45
51
74
65
63
56
93
75
78
17
309
12
3
2
661
653
662
665
109
217
193
195
208
199
201
204
206
166
506
164
509
511
528
530
537
539
542
541
533
532
473
471
469
467
475
477
616
618
621
623
630
629
627
625
485
484
620
478
480
659
657
639
594
592
596
598
601
612
610
615
603
606
569
568
565
573
570
599
635
634
640
591
584
582
580
576
578
588
590
641
642
644
646
656
652
650
564
562
546
544
552
551
557
559
553
560
602
535
462
451
448
316
315
441
396
400
398
403
393
322
332
346
340
372
380
152
388
387
153
433
426
432
428
429
430
488
435
489
447
410
423
402
392
442
324
312
313
438
149
1
465
232
230
214
666
223
216
227
229
219
222
213
210
197
192
190
187
180
178
176
172
182
184
186
162
160
505
159
158
501
496
500
502
494
491
493
460
520
461
525
512
514
516
523
518
458
456
453
446
415
412
406
409
369
368
418
374
377
379
382
384
424
421
419
347
335
336
350
360
358
357
272
361
263
262
257
376
363
365
353
341
343
345
339
352
270
277
279
280
283
329
331
326
320
318
301
299
298
305
303
288
286
265
267
254
253
246
243
252
147
146
143
239
240
242
248
264
290
292
294
296
302
250
236
140
168
170
175
132
130
133
136
85
82
81
83
89
91
94
96
98
100
102
103
126
114
112
110
116
107
117
120
122
124
129
138
72
70
68
64
60
57
54
29
27
26
23
22
6
8
10
11
31
33
40
36
34
37
44
13
15
46
48
45
51
74
65
63
56
93
75
78
17
309
12
3
2
661
653
662
665
109
217
193
195
208
199
201
204
206
166
506
164
509
511
528
530
537
539
542
541
533
532
473
471
469
467
475
477
616
618
621
623
630
629
627
625
485
484
620
478
480
659
657
639
594
592
596
598
601
612
610
615
603
606
569
568
565
573
570
599
635
634
640
591
584
582
580
576
578
588
590
641
642
644
646
656
652
650
564
562
546
544
552
551
557
559
553
560
602
535
462
451
448
316
315
441
396
400
398
403
393
322
332
346
340
372
380
152
388
387
153
433
426
432
428
429
430
488
435
489
447
410
423
402
392
442
324
312
313
438
149
