Time cost: 14 ms.
Min cost: 7213
1
98
103
34
107
95
82
5
100
143
97
124
146
26
56
83
141
58
55
50
135
70
108
86
29
81
110
47
120
42
9
28
6
37
2
19
99
114
102
137
132
65
85
142
18
75
90
46
138
134
54
92
52
131
32
23
38
67
43
109
51
20
25
139
40
53
24
12
118
116
101
41
57
39
127
69
36
61
11
148
130
66
17
60
140
117
27
31
129
144
49
147
72
145
112
136
64
44
71
45
128
68
119
91
106
13
74
123
80
14
122
77
133
16
59
79
121
88
94
10
113
3
62
149
125
22
104
4
115
150
21
78
15
111
105
33
126
93
35
96
89
8
84
7
30
63
48
73
76
87
