Time cost: 31 ms.
Min cost: 4647
1
200
195
194
46
45
48
193
218
196
192
191
199
224
133
190
225
47
2
207
49
51
57
56
55
52
53
54
70
71
72
73
74
75
76
216
219
217
77
78
79
80
81
95
209
94
93
92
91
90
87
210
84
83
82
85
86
131
211
130
222
129
128
127
126
125
124
123
122
121
175
120
185
119
118
186
187
117
116
223
115
114
113
112
111
110
109
108
107
106
105
220
104
103
102
101
100
99
98
97
96
221
28
204
26
25
208
24
23
22
21
36
37
38
39
40
41
42
43
44
50
205
189
27
188
60
61
62
63
64
65
66
67
68
69
58
59
184
182
173
181
174
180
179
176
177
178
172
171
170
169
168
212
214
151
150
149
152
153
154
155
156
157
144
143
201
142
141
140
139
138
137
136
183
135
134
215
164
165
166
167
213
158
163
162
161
160
159
146
147
148
145
132
88
89
31
206
202
30
29
35
33
34
32
12
13
14
15
16
17
20
203
19
18
11
10
9
8
7
6
5
4
197
198
3
