Time cost: 32 ms.
Min cost: 2975
1
249
255
253
257
259
261
263
265
267
269
179
181
177
152
153
154
128
20
18
133
131
127
125
31
29
27
22
23
14
12
10
7
275
273
271
15
134
136
138
140
142
144
146
148
150
158
119
121
123
33
35
37
39
41
43
61
62
64
66
70
72
74
76
78
80
82
84
86
115
111
108
103
101
99
93
95
97
91
89
112
87
117
44
46
48
50
52
54
56
58
69
106
173
161
163
165
167
169
171
175
159
183
185
186
188
191
194
196
198
200
202
204
206
208
210
212
214
216
218
220
222
224
226
228
230
250
244
240
238
232
234
236
246
243
2
3
278
277
6
1
249
255
253
257
259
261
263
265
267
269
179
181
177
152
153
154
128
20
18
133
131
127
125
31
29
27
22
23
14
12
10
7
275
273
271
15
134
136
138
140
142
144
146
148
150
158
119
121
123
33
35
37
39
41
43
61
62
64
66
70
72
74
76
78
80
82
84
86
115
111
108
103
101
99
93
95
97
91
89
112
87
117
44
46
48
50
52
54
56
58
69
106
173
161
163
165
167
169
171
175
159
183
185
186
188
191
194
196
198
200
202
204
206
208
210
212
214
216
218
220
222
224
226
228
230
250
244
240
238
232
234
236
246
243
2
3
278
277
6
