Time cost: 1763 ms.
Min cost: 588
1
13
14
12
15
35
36
41
40
118
38
37
127
128
29
27
28
129
137
142
23
24
22
25
144
143
139
140
141
184
133
134
136
135
170
171
169
164
165
160
161
166
162
173
175
176
174
172
178
180
181
182
195
183
196
179
177
189
167
116
113
114
101
115
102
117
168
156
159
163
158
157
91
90
89
81
80
82
79
77
78
122
126
132
125
186
185
145
147
148
149
150
151
197
199
200
201
202
190
188
192
191
198
193
194
187
152
153
155
154
146
138
39
120
123
124
131
130
103
105
99
107
108
109
110
111
119
112
100
95
96
97
93
92
87
86
83
94
88
98
121
104
45
47
49
50
85
84
46
106
42
44
48
43
53
56
57
58
59
62
63
64
72
71
70
69
73
65
66
67
68
74
75
76
60
61
30
51
54
55
52
34
31
32
33
26
20
21
19
11
18
17
9
10
7
6
4
5
8
2
3
16
