Time cost: 8 ms.
Min cost: 5243
1
200
3
198
4
197
5
6
7
8
9
43
42
44
46
194
218
193
196
192
191
199
224
133
190
225
47
2
207
49
51
57
56
55
52
53
54
50
59
58
61
60
62
63
64
112
111
110
113
114
115
223
116
117
187
118
119
185
120
175
121
122
123
124
171
172
173
181
174
180
179
176
177
178
182
170
169
168
212
214
167
166
165
164
213
158
163
162
161
160
159
141
140
139
138
137
136
183
135
134
215
142
150
151
149
152
148
147
146
153
154
155
156
157
144
143
201
145
184
186
66
65
67
68
69
70
71
72
73
74
75
76
216
219
217
77
78
79
97
96
95
209
94
93
92
91
90
87
210
84
83
82
85
86
131
211
130
222
129
128
127
126
125
132
89
88
221
80
81
30
29
28
204
202
206
31
32
35
33
34
26
25
208
24
23
13
12
11
10
14
15
16
17
20
203
19
18
21
22
36
37
38
39
40
41
100
99
98
101
102
103
104
220
105
106
107
108
109
189
205
27
188
45
48
195
