Time cost: 39205 ms.
Min cost: 68397
1
34
66
102
103
114
126
136
149
161
172
185
400
405
227
234
238
239
266
269
273
276
279
281
282
428
342
341
270
271
267
240
235
228
406
401
407
274
277
426
440
280
283
284
285
286
287
288
289
290
291
292
293
294
295
296
297
298
299
300
301
302
303
304
305
306
331
332
333
334
307
335
336
427
337
338
432
330
329
328
327
431
326
325
324
429
323
430
322
278
321
320
319
318
317
316
315
314
424
421
425
313
312
340
311
310
339
433
348
347
346
349
350
351
352
343
353
354
355
434
356
357
358
435
359
360
361
344
362
363
364
365
366
367
345
368
369
370
371
372
373
374
375
309
308
441
386
115
104
387
389
127
137
150
151
152
392
138
116
162
173
174
396
399
187
175
186
442
35
67
36
68
37
69
38
70
39
71
40
72
41
73
42
74
43
75
44
76
45
77
99
46
78
47
79
48
80
100
49
81
50
82
51
83
439
52
84
53
85
54
86
23
24
25
26
27
28
29
30
31
32
376
377
33
65
64
63
95
379
96
380
97
98
62
94
61
93
101
436
112
124
134
147
159
170
183
198
209
219
411
410
414
237
265
226
220
210
199
184
171
160
148
135
125
113
383
384
60
92
59
91
58
90
57
89
56
88
388
390
180
192
193
204
216
225
233
203
215
224
232
231
223
214
402
201
189
177
165
154
141
129
118
107
140
139
128
117
105
106
153
163
176
188
200
213
222
230
212
221
229
211
403
393
164
397
202
190
191
398
178
166
155
142
130
119
108
179
395
394
167
156
143
131
120
109
385
121
122
110
132
145
157
168
181
194
205
206
207
195
196
197
182
169
158
146
133
123
111
208
218
217
404
409
408
412
413
260
259
258
257
256
255
254
253
252
251
250
415
249
248
247
246
245
244
243
242
241
418
417
261
262
263
236
264
416
268
420
272
423
438
275
437
419
422
391
144
382
381
378
87
55
22
21
20
19
18
17
16
15
14
13
12
11
10
9
8
7
6
5
4
3
2
