Time cost: 234 ms.
Min cost: 7906
1
112
62
28
16
76
61
124
69
86
5
8
114
83
59
125
66
121
21
23
55
102
10
96
72
56
111
101
57
52
74
73
38
95
24
29
94
103
12
110
68
70
26
25
32
36
119
27
43
107
31
34
58
53
60
42
40
37
93
46
118
54
2
130
39
1
112
62
28
16
76
61
124
69
86
5
8
114
83
59
125
66
121
21
23
55
102
10
96
72
56
111
101
57
52
74
73
38
95
24
29
94
103
12
110
68
70
26
25
32
36
119
27
43
107
31
34
58
53
60
42
40
37
93
46
118
54
2
130
39
