Time cost: 416 ms.
Min cost: 8140
1
76
48
30
7
89
35
126
105
16
79
88
10
3
149
22
78
77
14
72
147
144
27
123
136
64
106
119
128
71
115
21
104
32
38
43
51
25
81
86
70
50
58
83
26
75
142
65
137
120
9
37
19
114
6
40
24
116
41
39
140
127
36
11
130
17
92
46
134
52
97
143
107
82
34
1
76
48
30
7
89
35
126
105
16
79
88
10
3
149
22
78
77
14
72
147
144
27
123
136
64
106
119
128
71
115
21
104
32
38
43
51
25
81
86
70
50
58
83
26
75
142
65
137
120
9
37
19
114
6
40
24
116
41
39
140
127
36
11
130
17
92
46
134
52
97
143
107
82
34
