Time cost: 325 ms.
Min cost: 7906
1
117
112
105
62
115
28
128
16
45
76
109
61
129
124
64
69
88
86
11
5
18
8
108
114
3
83
30
59
90
125
85
66
126
121
78
21
33
23
122
55
6
102
14
10
67
96
13
72
91
56
65
111
123
101
82
57
9
52
75
74
99
73
92
38
79
95
116
24
15
29
89
94
77
103
81
12
87
110
98
68
63
70
97
26
7
25
48
32
113
36
84
119
100
27
19
43
104
107
127
31
17
34
106
58
49
53
120
60
51
42
44
40
47
37
22
93
20
46
80
118
35
54
4
2
50
130
71
39
41
