Time cost: 1404 ms.
Min cost: 313745
1
244
246
261
248
250
253
255
257
259
271
268
265
229
230
231
263
234
221
219
217
216
214
211
208
206
204
201
199
197
193
189
239
240
242
187
196
996
183
185
158
163
156
165
167
169
160
171
173
179
181
175
176
154
151
150
144
148
147
131
129
127
124
122
121
104
105
118
117
115
113
110
304
302
283
281
278
277
299
298
991
306
308
310
312
44
42
50
39
37
35
33
24
22
18
20
30
25
16
14
11
63
62
65
58
55
67
60
53
54
73
69
70
9
15
27
332
334
327
330
314
316
324
319
317
322
323
293
296
290
292
403
287
286
276
274
272
468
466
460
457
455
452
450
449
584
582
577
575
588
590
593
596
599
600
602
604
608
607
610
612
628
625
633
635
637
639
373
371
369
368
366
364
362
360
351
349
347
354
359
345
341
338
340
392
389
387
385
384
394
379
380
400
399
396
335
336
357
356
661
656
657
659
643
653
654
646
648
649
622
623
617
619
730
732
616
613
630
632
439
440
443
445
446
433
431
429
461
463
423
425
427
420
421
405
407
416
415
413
411
408
376
374
437
435
459
474
476
471
478
480
481
483
492
490
487
489
499
501
507
509
511
513
493
495
497
226
224
222
237
191
504
506
999
524
522
520
516
566
569
514
518
565
563
561
548
546
540
543
541
537
535
533
531
526
528
538
827
817
815
818
820
811
822
824
553
555
557
592
574
572
579
998
586
795
797
799
804
803
787
785
783
780
778
777
912
910
905
903
916
918
921
924
927
928
930
932
936
935
938
940
956
953
961
963
965
967
701
699
697
696
694
692
690
688
679
677
675
682
687
673
669
666
668
720
717
715
713
712
722
707
708
728
727
724
663
664
685
684
989
984
985
987
971
981
982
974
976
977
950
951
945
947
944
942
957
959
769
766
770
772
775
762
760
758
756
790
792
793
752
754
747
746
750
733
735
744
743
741
739
736
704
702
765
763
782
915
907
900
902
920
888
884
883
881
879
876
874
868
871
869
865
863
861
859
854
856
850
848
844
894
897
842
851
858
838
840
813
809
808
805
889
891
892
846
866
836
830
831
833
552
550
558
252
142
140
138
132
101
994
108
85
87
88
79
83
81
74
76
93
92
91
97
95
133
136
47
46
313
3
6
1
244
246
261
248
250
253
255
257
259
271
268
265
229
230
231
263
234
221
219
217
216
214
211
208
206
204
201
199
197
193
189
239
240
242
187
196
996
183
185
158
163
156
165
167
169
160
171
173
179
181
175
176
154
151
150
144
148
147
131
129
127
124
122
121
104
105
118
117
115
113
110
304
302
283
281
278
277
299
298
991
306
308
310
312
44
42
50
39
37
35
33
24
22
18
20
30
25
16
14
11
63
62
65
58
55
67
60
53
54
73
69
70
9
15
27
332
334
327
330
314
316
324
319
317
322
323
293
296
290
292
403
287
286
276
274
272
468
466
460
457
455
452
450
449
584
582
577
575
588
590
593
596
599
600
602
604
608
607
610
612
628
625
633
635
637
639
373
371
369
368
366
364
362
360
351
349
347
354
359
345
341
338
340
392
389
387
385
384
394
379
380
400
399
396
335
336
357
356
661
656
657
659
643
653
654
646
648
649
622
623
617
619
730
732
616
613
630
632
439
440
443
445
446
433
431
429
461
463
423
425
427
420
421
405
407
416
415
413
411
408
376
374
437
435
459
474
476
471
478
480
481
483
492
490
487
489
499
501
507
509
511
513
493
495
497
226
224
222
237
191
504
506
999
524
522
520
516
566
569
514
518
565
563
561
548
546
540
543
541
537
535
533
531
526
528
538
827
817
815
818
820
811
822
824
553
555
557
592
574
572
579
998
586
795
797
799
804
803
787
785
783
780
778
777
912
910
905
903
916
918
921
924
927
928
930
932
936
935
938
940
956
953
961
963
965
967
701
699
697
696
694
692
690
688
679
677
675
682
687
673
669
666
668
720
717
715
713
712
722
707
708
728
727
724
663
664
685
684
989
984
985
987
971
981
982
974
976
977
950
951
945
947
944
942
957
959
769
766
770
772
775
762
760
758
756
790
792
793
752
754
747
746
750
733
735
744
743
741
739
736
704
702
765
763
782
915
907
900
902
920
888
884
883
881
879
876
874
868
871
869
865
863
861
859
854
856
850
848
844
894
897
842
851
858
838
840
813
809
808
805
889
891
892
846
866
836
830
831
833
552
550
558
252
142
140
138
132
101
994
108
85
87
88
79
83
81
74
76
93
92
91
97
95
133
136
47
46
313
3
6
