Time cost: 20 ms.
Min cost: 4647
1
195
46
48
218
192
199
133
225
2
49
57
55
53
70
72
74
76
219
77
79
81
209
93
91
87
84
82
86
211
222
128
126
124
122
175
185
118
187
116
115
113
111
109
107
105
104
102
100
98
96
28
26
208
23
21
37
39
41
43
50
189
188
61
63
65
67
69
59
182
181
180
176
178
171
169
212
151
149
153
155
157
143
142
140
138
136
135
215
165
167
158
162
160
146
148
132
89
206
30
35
34
12
14
16
20
19
11
9
7
5
197
3
200
194
45
193
196
191
224
190
47
207
51
56
52
54
71
73
75
216
217
78
80
95
94
92
90
210
83
85
131
130
129
127
125
123
121
120
119
186
117
223
114
112
110
108
106
220
103
101
99
97
221
204
25
24
22
36
38
40
42
44
205
27
60
62
64
66
68
58
184
173
174
179
177
172
170
168
214
150
152
154
156
144
201
141
139
137
183
134
164
166
213
163
161
159
147
145
88
31
202
29
33
32
13
15
17
203
18
10
8
6
4
198
