Time cost: 11 ms.
Min cost: 7213
1
103
107
82
100
97
146
56
141
55
135
108
29
110
120
9
6
2
99
102
132
85
18
90
138
54
52
32
38
43
51
25
40
24
118
101
57
127
36
11
130
17
140
27
129
49
72
112
64
71
128
119
106
74
80
122
133
59
121
94
113
62
125
104
115
21
15
105
126
35
89
84
30
48
76
1
103
107
82
100
97
146
56
141
55
135
108
29
110
120
9
6
2
99
102
132
85
18
90
138
54
52
32
38
43
51
25
40
24
118
101
57
127
36
11
130
17
140
27
129
49
72
112
64
71
128
119
106
74
80
122
133
59
121
94
113
62
125
104
115
21
15
105
126
35
89
84
30
48
76
