Time cost: 17 ms.
Min cost: 547
1
2
3
16
14
13
7
6
4
5
8
9
10
17
18
11
19
12
21
20
26
33
31
32
34
52
53
56
57
55
54
51
30
15
27
28
29
127
128
37
38
39
40
118
41
36
42
43
44
45
47
46
48
49
50
95
96
97
93
92
87
86
83
84
85
67
66
65
63
64
72
71
70
69
73
58
59
60
61
62
35
103
105
99
107
108
109
110
111
104
106
119
112
100
101
114
113
115
102
117
116
122
125
126
132
124
120
123
121
131
129
130
137
142
23
24
22
25
144
143
139
140
141
184
133
134
136
135
170
171
169
164
165
160
158
157
91
90
89
88
94
98
156
159
163
168
167
185
186
187
149
148
147
145
138
146
154
152
153
155
150
151
190
188
189
177
176
173
175
174
172
166
161
162
81
80
82
79
77
78
178
180
181
182
195
183
196
194
193
191
198
199
197
192
200
201
202
179
68
74
75
76
