Time cost: 145 ms.
Min cost: 58950
1
35
37
39
41
43
45
47
49
82
80
78
76
74
72
70
68
66
99
84
19
21
23
25
27
29
31
376
33
64
62
60
58
56
54
85
87
88
90
92
94
379
380
98
384
125
148
171
199
220
411
414
265
268
264
236
261
259
257
255
232
215
179
394
156
131
109
121
110
145
391
168
194
206
195
197
169
146
123
101
112
134
159
183
209
218
217
409
412
419
438
272
437
233
216
192
193
388
382
163
188
213
230
221
403
397
223
425
424
339
274
267
407
174
162
137
386
104
102
114
136
161
185
405
234
239
269
276
281
428
341
347
433
350
352
353
355
356
358
359
361
362
364
366
345
369
371
373
375
337
336
334
333
331
305
303
301
299
297
295
293
291
289
287
285
283
426
308
310
312
314
316
318
320
322
324
325
327
329
431
278
418
252
250
249
247
245
243
241
235
406
186
187
392
116
387
152
153
128
105
107
129
154
164
189
402
190
398
166
142
119
439
51
17
15
13
11
9
7
5
3
1
35
37
39
41
43
45
47
49
82
80
78
76
74
72
70
68
66
99
84
19
21
23
25
27
29
31
376
33
64
62
60
58
56
54
85
87
88
90
92
94
379
380
98
384
125
148
171
199
220
411
414
265
268
264
236
261
259
257
255
232
215
179
394
156
131
109
121
110
145
391
168
194
206
195
197
169
146
123
101
112
134
159
183
209
218
217
409
412
419
438
272
437
233
216
192
193
388
382
163
188
213
230
221
403
397
223
425
424
339
274
267
407
174
162
137
386
104
102
114
136
161
185
405
234
239
269
276
281
428
341
347
433
350
352
353
355
356
358
359
361
362
364
366
345
369
371
373
375
337
336
334
333
331
305
303
301
299
297
295
293
291
289
287
285
283
426
308
310
312
314
316
318
320
322
324
325
327
329
431
278
418
252
250
249
247
245
243
241
235
406
186
187
392
116
387
152
153
128
105
107
129
154
164
189
402
190
398
166
142
119
439
51
17
15
13
11
9
7
5
3
