Time cost: 8 ms.
Min cost: 1836
1
15
85
19
66
25
43
69
20
79
100
33
68
51
9
103
4
82
115
109
64
77
97
88
114
99
35
36
55
110
106
37
83
73
5
80
102
47
26
116
8
90
111
60
61
32
92
45
94
86
75
46
98
118
42
56
38
40
74
120
1
15
85
19
66
25
43
69
20
79
100
33
68
51
9
103
4
82
115
109
64
77
97
88
114
99
35
36
55
110
106
37
83
73
5
80
102
47
26
116
8
90
111
60
61
32
92
45
94
86
75
46
98
118
42
56
38
40
74
120
