Time cost: 3 ms.
Min cost: 8124
1
39
130
2
80
20
37
47
44
51
120
49
106
79
116
15
89
77
81
87
98
63
97
7
48
113
84
100
19
104
127
17
92
99
75
9
56
82
123
72
23
55
102
10
96
18
108
3
30
90
85
126
78
33
54
117
105
115
128
45
109
129
64
88
11
1
39
130
2
80
20
37
47
44
51
120
49
106
79
116
15
89
77
81
87
98
63
97
7
48
113
84
100
19
104
127
17
92
99
75
9
56
82
123
72
23
55
102
10
96
18
108
3
30
90
85
126
78
33
54
117
105
115
128
45
109
129
64
88
11
