Time cost: 109509 ms.
Min cost: 3967
1
438
444
369
368
418
374
377
381
383
385
433
435
424
426
432
428
386
389
388
419
401
347
335
329
346
333
342
344
337
274
272
361
263
262
371
257
256
380
152
273
357
365
275
276
282
269
265
268
289
285
291
293
297
306
304
307
300
302
294
290
260
255
245
251
244
148
241
146
143
140
235
239
242
237
247
246
279
283
319
280
340
331
326
320
328
332
336
402
393
392
442
324
356
366
404
423
447
446
453
448
450
462
464
457
417
436
497
499
498
156
157
160
505
164
506
166
203
205
202
200
198
196
191
188
181
179
177
173
171
183
185
149
175
169
167
132
130
134
136
85
82
81
83
89
91
94
96
99
101
104
105
115
113
111
109
119
121
123
125
128
127
116
107
72
70
68
66
64
60
57
54
29
27
26
23
22
35
33
31
11
10
8
19
5
4
12
40
50
52
74
76
78
38
42
13
49
47
15
17
309
46
56
62
93
664
663
654
660
138
189
218
194
207
209
211
212
223
216
225
228
220
221
215
231
234
509
162
155
518
523
538
549
554
556
557
559
561
550
569
605
604
476
477
615
611
609
600
608
614
619
622
632
628
631
626
624
483
481
479
634
482
486
617
571
585
586
648
589
636
655
651
649
643
645
647
638
658
637
593
595
597
590
584
582
580
576
578
572
568
566
564
562
546
544
541
542
533
535
531
472
470
466
468
474
530
528
511
512
514
516
526
522
461
460
492
495
490
489
430
416
414
408
410
409
398
394
400
396
441
316
315
311
1
438
444
369
368
418
374
377
381
383
385
433
435
424
426
432
428
386
389
388
419
401
347
335
329
346
333
342
344
337
274
272
361
263
262
371
257
256
380
152
273
357
365
275
276
282
269
265
268
289
285
291
293
297
306
304
307
300
302
294
290
260
255
245
251
244
148
241
146
143
140
235
239
242
237
247
246
279
283
319
280
340
331
326
320
328
332
336
402
393
392
442
324
356
366
404
423
447
446
453
448
450
462
464
457
417
436
497
499
498
156
157
160
505
164
506
166
203
205
202
200
198
196
191
188
181
179
177
173
171
183
185
149
175
169
167
132
130
134
136
85
82
81
83
89
91
94
96
99
101
104
105
115
113
111
109
119
121
123
125
128
127
116
107
72
70
68
66
64
60
57
54
29
27
26
23
22
35
33
31
11
10
8
19
5
4
12
40
50
52
74
76
78
38
42
13
49
47
15
17
309
46
56
62
93
664
663
654
660
138
189
218
194
207
209
211
212
223
216
225
228
220
221
215
231
234
509
162
155
518
523
538
549
554
556
557
559
561
550
569
605
604
476
477
615
611
609
600
608
614
619
622
632
628
631
626
624
483
481
479
634
482
486
617
571
585
586
648
589
636
655
651
649
643
645
647
638
658
637
593
595
597
590
584
582
580
576
578
572
568
566
564
562
546
544
541
542
533
535
531
472
470
466
468
474
530
528
511
512
514
516
526
522
461
460
492
495
490
489
430
416
414
408
410
409
398
394
400
396
441
316
315
311
