Time cost: 75 ms.
Min cost: 69223
1
3
5
7
9
11
13
15
17
19
21
23
25
27
29
31
376
33
64
95
96
97
62
61
101
112
134
159
183
209
411
414
265
220
199
171
148
125
383
60
59
58
57
56
87
88
381
120
143
167
192
204
225
394
179
178
155
130
108
190
402
189
165
141
118
140
128
105
153
176
200
222
212
229
403
164
214
231
215
232
390
121
110
145
168
194
206
195
197
169
146
123
208
217
409
412
260
258
256
254
252
250
249
247
245
243
241
417
262
236
416
420
423
275
419
391
54
53
52
51
439
82
81
80
47
46
45
99
76
75
74
73
72
71
70
69
68
67
66
103
126
149
172
400
227
238
266
273
279
282
342
270
267
235
406
407
277
440
283
285
287
289
291
293
295
297
299
301
303
305
331
333
307
336
337
432
329
327
326
324
323
322
321
319
317
315
424
425
312
311
339
348
346
350
352
353
355
356
358
359
361
362
364
366
345
369
371
373
375
308
386
104
389
137
151
392
116
173
396
187
186
1
3
5
7
9
11
13
15
17
19
21
23
25
27
29
31
376
33
64
95
96
97
62
61
101
112
134
159
183
209
411
414
265
220
199
171
148
125
383
60
59
58
57
56
87
88
381
120
143
167
192
204
225
394
179
178
155
130
108
190
402
189
165
141
118
140
128
105
153
176
200
222
212
229
403
164
214
231
215
232
390
121
110
145
168
194
206
195
197
169
146
123
208
217
409
412
260
258
256
254
252
250
249
247
245
243
241
417
262
236
416
420
423
275
419
391
54
53
52
51
439
82
81
80
47
46
45
99
76
75
74
73
72
71
70
69
68
67
66
103
126
149
172
400
227
238
266
273
279
282
342
270
267
235
406
407
277
440
283
285
287
289
291
293
295
297
299
301
303
305
331
333
307
336
337
432
329
327
326
324
323
322
321
319
317
315
424
425
312
311
339
348
346
350
352
353
355
356
358
359
361
362
364
366
345
369
371
373
375
308
386
104
389
137
151
392
116
173
396
187
186
