Time cost: 1565 ms.
Min cost: 588
1
14
15
36
40
38
127
29
28
137
23
22
144
139
141
133
136
170
169
165
161
162
175
174
178
181
195
196
177
167
113
101
102
168
159
158
91
89
80
79
78
126
125
185
147
149
151
199
201
190
192
198
194
152
155
146
39
123
131
103
99
108
110
119
100
96
93
87
83
88
121
45
49
85
46
42
48
53
57
59
63
72
70
73
66
68
75
60
30
54
52
31
33
20
19
18
9
7
4
8
3
1
14
15
36
40
38
127
29
28
137
23
22
144
139
141
133
136
170
169
165
161
162
175
174
178
181
195
196
177
167
113
101
102
168
159
158
91
89
80
79
78
126
125
185
147
149
151
199
201
190
192
198
194
152
155
146
39
123
131
103
99
108
110
119
100
96
93
87
83
88
121
45
49
85
46
42
48
53
57
59
63
72
70
73
66
68
75
60
30
54
52
31
33
20
19
18
9
7
4
8
3
