Time cost: 168 ms.
Min cost: 2101
1
94
86
75
46
98
118
13
41
7
20
18
22
19
66
113
65
108
58
52
68
87
119
9
11
2
93
21
88
3
53
95
12
83
73
5
80
102
110
89
6
84
10
99
37
106
71
34
70
54
96
24
40
105
45
92
30
59
29
16
1
94
86
75
46
98
118
13
41
7
20
18
22
19
66
113
65
108
58
52
68
87
119
9
11
2
93
21
88
3
53
95
12
83
73
5
80
102
110
89
6
84
10
99
37
106
71
34
70
54
96
24
40
105
45
92
30
59
29
16
