Time cost: 4593 ms.
Min cost: 3313
1
6
8
10
12
14
133
135
137
139
141
143
145
198
194
196
193
202
204
206
208
252
256
254
258
260
262
264
211
215
219
223
225
227
229
251
247
241
239
231
233
235
237
245
243
248
213
217
221
147
149
266
267
269
132
130
154
153
152
177
181
179
183
185
186
188
191
178
106
173
110
114
117
91
93
95
97
79
81
83
85
64
62
61
43
41
39
37
35
44
46
48
50
52
54
56
58
67
71
73
75
77
68
86
87
88
89
108
103
101
99
170
172
167
165
163
161
160
158
119
121
123
125
31
29
27
22
23
33
126
128
20
18
16
272
274
276
4
278
280
1
6
8
10
12
14
133
135
137
139
141
143
145
198
194
196
193
202
204
206
208
252
256
254
258
260
262
264
211
215
219
223
225
227
229
251
247
241
239
231
233
235
237
245
243
248
213
217
221
147
149
266
267
269
132
130
154
153
152
177
181
179
183
185
186
188
191
178
106
173
110
114
117
91
93
95
97
79
81
83
85
64
62
61
43
41
39
37
35
44
46
48
50
52
54
56
58
67
71
73
75
77
68
86
87
88
89
108
103
101
99
170
172
167
165
163
161
160
158
119
121
123
125
31
29
27
22
23
33
126
128
20
18
16
272
274
276
4
278
280
