Time cost: 71007 ms.
Min cost: 20958
1
12
31
24
63
30
28
26
15
21
19
7
6
9
4
3
10
42
44
48
176
32
37
46
52
54
71
69
68
60
62
67
78
100
91
99
94
181
95
206
183
185
128
130
132
133
121
120
126
122
118
188
135
134
217
152
220
218
223
194
199
226
221
193
195
204
201
254
255
256
245
267
248
239
268
270
273
250
234
238
232
530
529
531
538
524
507
228
506
143
137
169
171
140
139
164
112
116
115
156
155
154
109
107
110
158
481
482
484
409
411
416
437
439
444
445
452
469
458
477
473
471
465
550
544
545
548
553
541
539
526
558
560
555
474
556
475
478
451
388
448
455
393
396
378
395
456
466
461
459
463
385
389
391
440
494
497
495
487
492
498
515
519
408
404
398
330
325
326
407
423
418
422
425
432
433
429
428
341
380
338
382
384
335
336
349
352
346
344
343
353
354
357
362
364
366
367
371
372
373
375
359
361
431
413
401
399
405
160
480
490
502
168
146
150
511
513
514
510
521
147
229
252
533
536
287
284
286
247
243
274
279
288
280
291
296
311
313
321
304
302
307
309
294
298
300
276
263
265
317
316
314
320
322
242
260
203
210
211
208
207
213
103
56
57
178
180
101
77
74
82
86
83
89
105
65
55
175
33
35
173
5
17
25
23
22
29
27
14
13
16
18
20
8
11
38
2
39
43
47
174
40
41
36
45
51
53
70
58
59
61
66
76
80
92
90
93
96
98
97
205
184
186
129
124
131
125
165
127
123
119
187
191
136
215
149
219
216
222
192
190
198
225
227
196
197
202
253
258
224
241
246
266
236
240
271
281
249
235
237
231
233
532
528
537
523
508
509
148
144
142
145
170
141
167
166
163
113
117
162
157
153
106
108
111
114
159
488
483
485
410
414
417
438
442
446
447
467
453
479
476
472
470
464
546
543
547
552
554
540
527
525
559
561
542
551
557
549
454
449
387
450
392
394
397
379
457
468
462
460
517
443
386
390
441
383
415
500
493
486
491
499
516
518
406
403
329
332
324
327
424
419
334
426
430
435
434
427
342
339
340
421
381
420
337
351
350
348
345
331
347
355
358
356
363
365
368
369
370
374
376
377
360
333
412
436
402
328
400
161
489
501
503
138
151
505
504
512
496
520
522
230
269
534
535
282
283
285
251
244
275
278
272
289
290
292
277
312
297
303
305
306
308
295
293
299
301
264
262
310
318
315
319
323
261
257
259
189
200
212
209
102
214
73
72
177
179
182
81
75
79
85
87
88
104
84
64
49
50
34
172
