Time cost: 19 ms.
Min cost: 3580
1
2
279
4
276
274
272
16
6
8
10
12
14
23
22
27
29
30
124
122
120
157
159
175
162
164
166
168
101
99
103
105
107
174
109
81
79
83
85
64
62
61
43
41
39
37
35
44
46
48
50
52
54
56
58
67
71
73
75
77
68
86
87
88
90
92
94
96
98
111
115
170
172
127
21
19
17
134
136
138
140
142
144
199
197
195
201
200
203
205
207
209
255
253
257
259
261
263
210
214
218
222
224
226
228
230
250
244
240
238
232
234
236
246
242
249
212
216
220
146
148
150
265
268
270
131
129
155
156
151
176
180
182
184
187
189
190
192
32
34
1
2
279
4
276
274
272
16
6
8
10
12
14
23
22
27
29
30
124
122
120
157
159
175
162
164
166
168
101
99
103
105
107
174
109
81
79
83
85
64
62
61
43
41
39
37
35
44
46
48
50
52
54
56
58
67
71
73
75
77
68
86
87
88
90
92
94
96
98
111
115
170
172
127
21
19
17
134
136
138
140
142
144
199
197
195
201
200
203
205
207
209
255
253
257
259
261
263
210
214
218
222
224
226
228
230
250
244
240
238
232
234
236
246
242
249
212
216
220
146
148
150
265
268
270
131
129
155
156
151
176
180
182
184
187
189
190
192
32
34
