Time cost: 3 ms.
Min cost: 8148
1
103
87
73
63
84
8
96
93
33
111
59
121
94
113
62
125
15
133
122
80
49
145
129
31
74
112
13
91
68
45
44
150
4
131
23
67
109
20
110
29
108
135
55
141
56
146
18
85
132
47
42
28
2
99
102
139
53
12
101
57
117
118
69
61
148
66
60
54
138
90
124
100
5
95
1
103
87
73
63
84
8
96
93
33
111
59
121
94
113
62
125
15
133
122
80
49
145
129
31
74
112
13
91
68
45
44
150
4
131
23
67
109
20
110
29
108
135
55
141
56
146
18
85
132
47
42
28
2
99
102
139
53
12
101
57
117
118
69
61
148
66
60
54
138
90
124
100
5
95
