Time cost: 545 ms.
Min cost: 348709
1
5
4
70
68
73
56
57
52
50
42
44
312
310
308
306
991
298
299
283
281
278
277
302
304
111
112
115
117
118
105
103
101
133
135
96
98
91
90
88
87
78
75
76
83
80
93
77
129
127
124
122
121
256
254
249
247
245
243
262
260
266
264
231
230
228
226
224
222
219
215
216
217
213
234
236
190
189
239
240
242
193
195
196
197
199
206
208
210
204
201
233
268
271
273
275
469
467
471
476
475
477
479
481
483
492
490
487
489
499
513
511
509
507
501
506
504
485
494
496
998
579
575
573
571
590
588
594
592
559
558
556
554
552
550
547
543
544
545
541
562
564
518
517
567
568
570
521
523
524
525
527
534
536
538
532
529
561
596
599
601
603
797
795
799
804
803
805
807
809
811
820
818
815
817
827
841
839
837
835
829
834
832
813
822
824
1001
907
903
901
899
918
916
922
920
887
886
884
882
880
878
875
871
872
873
869
890
892
846
845
895
896
898
849
851
852
853
855
862
864
866
860
857
889
924
927
929
931
905
910
912
914
777
778
780
783
785
787
793
782
759
757
789
791
752
754
747
746
744
743
734
731
732
739
736
749
733
1000
764
761
774
773
771
769
766
960
958
939
937
934
933
955
954
993
962
964
966
968
700
698
706
695
693
691
689
680
678
674
676
672
670
667
665
663
681
686
683
988
990
707
708
711
723
729
724
726
714
721
716
720
722
704
702
974
972
981
982
987
985
983
976
977
949
952
948
945
941
943
577
582
584
586
449
450
452
455
457
459
465
454
431
429
461
463
424
426
419
418
416
415
406
403
404
411
408
421
405
997
436
433
446
445
443
441
438
632
630
611
609
606
605
627
626
992
634
636
638
640
372
370
378
367
365
363
361
352
350
346
348
344
342
339
337
335
353
358
355
660
662
379
380
383
395
401
396
398
386
393
388
392
394
376
374
646
644
653
654
659
657
655
648
649
621
624
620
617
613
615
252
995
149
143
141
139
146
145
152
154
156
163
158
160
172
170
184
182
180
174
175
177
996
165
167
169
259
130
132
138
107
109
286
288
318
316
325
326
331
329
327
320
321
293
296
292
289
48
46
40
38
36
34
32
23
21
19
17
13
10
12
8
15
31
29
28
333
26
59
61
62
63
54
1
5
4
70
68
73
56
57
52
50
42
44
312
310
308
306
991
298
299
283
281
278
277
302
304
111
112
115
117
118
105
103
101
133
135
96
98
91
90
88
87
78
75
76
83
80
93
77
129
127
124
122
121
256
254
249
247
245
243
262
260
266
264
231
230
228
226
224
222
219
215
216
217
213
234
236
190
189
239
240
242
193
195
196
197
199
206
208
210
204
201
233
268
271
273
275
469
467
471
476
475
477
479
481
483
492
490
487
489
499
513
511
509
507
501
506
504
485
494
496
998
579
575
573
571
590
588
594
592
559
558
556
554
552
550
547
543
544
545
541
562
564
518
517
567
568
570
521
523
524
525
527
534
536
538
532
529
561
596
599
601
603
797
795
799
804
803
805
807
809
811
820
818
815
817
827
841
839
837
835
829
834
832
813
822
824
1001
907
903
901
899
918
916
922
920
887
886
884
882
880
878
875
871
872
873
869
890
892
846
845
895
896
898
849
851
852
853
855
862
864
866
860
857
889
924
927
929
931
905
910
912
914
777
778
780
783
785
787
793
782
759
757
789
791
752
754
747
746
744
743
734
731
732
739
736
749
733
1000
764
761
774
773
771
769
766
960
958
939
937
934
933
955
954
993
962
964
966
968
700
698
706
695
693
691
689
680
678
674
676
672
670
667
665
663
681
686
683
988
990
707
708
711
723
729
724
726
714
721
716
720
722
704
702
974
972
981
982
987
985
983
976
977
949
952
948
945
941
943
577
582
584
586
449
450
452
455
457
459
465
454
431
429
461
463
424
426
419
418
416
415
406
403
404
411
408
421
405
997
436
433
446
445
443
441
438
632
630
611
609
606
605
627
626
992
634
636
638
640
372
370
378
367
365
363
361
352
350
346
348
344
342
339
337
335
353
358
355
660
662
379
380
383
395
401
396
398
386
393
388
392
394
376
374
646
644
653
654
659
657
655
648
649
621
624
620
617
613
615
252
995
149
143
141
139
146
145
152
154
156
163
158
160
172
170
184
182
180
174
175
177
996
165
167
169
259
130
132
138
107
109
286
288
318
316
325
326
331
329
327
320
321
293
296
292
289
48
46
40
38
36
34
32
23
21
19
17
13
10
12
8
15
31
29
28
333
26
59
61
62
63
54
