Time cost: 233 ms.
Min cost: 2101
1
78
94
81
86
14
75
44
46
50
98
17
118
49
13
42
41
56
7
38
20
107
18
85
22
117
19
25
66
31
113
69
65
43
108
79
58
100
52
33
68
91
87
4
119
103
9
23
11
51
2
115
93
109
21
64
88
114
3
82
53
77
95
97
12
39
83
57
73
63
5
27
80
101
102
48
110
112
89
55
6
36
84
35
10
104
99
62
37
67
106
47
71
26
34
116
70
8
54
90
96
60
24
111
40
72
105
74
45
28
92
32
30
15
59
120
29
61
16
76
