Time cost: 11 ms.
Min cost: 5243
1
3
4
5
7
9
42
46
218
196
191
224
190
47
207
51
56
52
54
59
61
62
64
111
113
115
116
187
119
120
121
123
171
173
174
179
177
182
169
212
167
165
213
163
161
159
140
138
136
135
215
150
149
148
146
154
156
144
201
184
66
67
69
71
73
75
216
217
78
97
95
94
92
90
210
83
85
131
130
129
127
125
89
221
81
29
204
206
32
33
26
208
23
12
10
15
17
203
18
22
37
39
41
99
101
103
220
106
108
189
27
45
195
200
198
197
6
8
43
44
194
193
192
199
133
225
2
49
57
55
53
50
58
60
63
112
110
114
223
117
118
185
175
122
124
172
181
180
176
178
170
168
214
166
164
158
162
160
141
139
137
183
134
142
151
152
147
153
155
157
143
145
186
65
68
70
72
74
76
219
77
79
96
209
93
91
87
84
82
86
211
222
128
126
132
88
80
30
28
202
31
35
34
25
24
13
11
14
16
20
19
21
36
38
40
100
98
102
104
105
107
109
205
188
48
