Time cost: 43163 ms.
Min cost: 68397
1
66
103
126
149
172
400
227
238
266
273
279
282
342
270
267
235
406
407
277
440
283
285
287
289
291
293
295
297
299
301
303
305
331
333
307
336
337
432
329
327
326
324
323
322
321
319
317
315
424
425
312
311
339
348
346
350
352
353
355
356
358
359
361
362
364
366
345
369
371
373
375
308
386
104
389
137
151
392
116
173
396
187
186
35
36
37
38
39
40
41
42
43
44
45
99
78
79
80
49
50
51
439
84
85
86
24
26
28
30
32
377
65
63
379
380
98
94
93
436
124
147
170
198
219
410
237
226
210
184
160
135
113
384
92
91
90
89
88
390
192
204
225
203
224
231
214
201
177
154
129
107
139
117
106
163
188
213
230
221
211
393
397
190
398
166
142
119
179
394
156
131
109
121
110
145
168
194
206
195
197
169
146
123
208
217
409
412
260
258
256
254
252
250
249
247
245
243
241
417
262
236
416
420
423
275
419
391
382
378
55
21
19
17
15
13
11
9
7
5
3
1
66
103
126
149
172
400
227
238
266
273
279
282
342
270
267
235
406
407
277
440
283
285
287
289
291
293
295
297
299
301
303
305
331
333
307
336
337
432
329
327
326
324
323
322
321
319
317
315
424
425
312
311
339
348
346
350
352
353
355
356
358
359
361
362
364
366
345
369
371
373
375
308
386
104
389
137
151
392
116
173
396
187
186
35
36
37
38
39
40
41
42
43
44
45
99
78
79
80
49
50
51
439
84
85
86
24
26
28
30
32
377
65
63
379
380
98
94
93
436
124
147
170
198
219
410
237
226
210
184
160
135
113
384
92
91
90
89
88
390
192
204
225
203
224
231
214
201
177
154
129
107
139
117
106
163
188
213
230
221
211
393
397
190
398
166
142
119
179
394
156
131
109
121
110
145
168
194
206
195
197
169
146
123
208
217
409
412
260
258
256
254
252
250
249
247
245
243
241
417
262
236
416
420
423
275
419
391
382
378
55
21
19
17
15
13
11
9
7
5
3
